0.000000000000000000e+00 1.273142914691740124e+00
1.001001001001000992e-03 1.264493090279050325e+00
2.002002002002001985e-03 1.271437247582986707e+00
3.003003003003002977e-03 1.265298859714450330e+00
4.004004004004003969e-03 1.263196595028747149e+00
5.005005005005004962e-03 1.265413011551752565e+00
6.006006006006005954e-03 1.264805126581925565e+00
7.007007007007006946e-03 1.264139233711069288e+00
8.008008008008007939e-03 1.264084782762768588e+00
9.009009009009008931e-03 1.263283716562418890e+00
1.001001001001000992e-02 1.262456611330969869e+00
1.101101101101101092e-02 1.259491487703543466e+00
1.201201201201201191e-02 1.254350717473440957e+00
1.301301301301301290e-02 1.257158110466156886e+00
1.401401401401401389e-02 1.260749540602335461e+00
1.501501501501501488e-02 1.255150189065289190e+00
1.601601601601601588e-02 1.255901821213890157e+00
1.701701701701701513e-02 1.256554214462968000e+00
1.801801801801801786e-02 1.257957447151276442e+00
1.901901901901902059e-02 1.250502503410717114e+00
2.002002002002001985e-02 1.249884234210388190e+00
2.102102102102101910e-02 1.255112028039352845e+00
2.202202202202202183e-02 1.256761212780072912e+00
2.302302302302302456e-02 1.252982051197249369e+00
2.402402402402402382e-02 1.250756014949840678e+00
2.502502502502502307e-02 1.244755139111551223e+00
2.602602602602602580e-02 1.252425780596331473e+00
2.702702702702702853e-02 1.252659204018756745e+00
2.802802802802802778e-02 1.255093686319622259e+00
2.902902902902902704e-02 1.248886663185841739e+00
3.003003003003002977e-02 1.245165350765964796e+00
3.103103103103103250e-02 1.247357066690637728e+00
3.203203203203203175e-02 1.244196013279865953e+00
3.303303303303303101e-02 1.241949974503907983e+00
3.403403403403403027e-02 1.241869075387278754e+00
3.503503503503503647e-02 1.248153934628992046e+00
3.603603603603603572e-02 1.238325222090589817e+00
3.703703703703703498e-02 1.244099830212113122e+00
3.803803803803804118e-02 1.242059363853360132e+00
3.903903903903904044e-02 1.242779407878977338e+00
4.004004004004003969e-02 1.240041284843899749e+00
4.104104104104103895e-02 1.233006021880426406e+00
4.204204204204203821e-02 1.235527024049011491e+00
4.304304304304304440e-02 1.243881793951663317e+00
4.404404404404404366e-02 1.238995579176908945e+00
4.504504504504504292e-02 1.241435471211803421e+00
4.604604604604604912e-02 1.236959855026267263e+00
4.704704704704704837e-02 1.235527317454555352e+00
4.804804804804804763e-02 1.231852110564578551e+00
4.904904904904904689e-02 1.232348198447021481e+00
5.005005005005004615e-02 1.232314808155234198e+00
5.105105105105105234e-02 1.232585521836655928e+00
5.205205205205205160e-02 1.232506325578711426e+00
5.305305305305305086e-02 1.227593201243746046e+00
5.405405405405405705e-02 1.235856956675349672e+00
5.505505505505505631e-02 1.237419142159280838e+00
5.605605605605605557e-02 1.236024678699114476e+00
5.705705705705705483e-02 1.234376792079588059e+00
5.805805805805805409e-02 1.230962142331486708e+00
5.905905905905906028e-02 1.229137020266023450e+00
6.006006006006005954e-02 1.227392554299997496e+00
6.106106106106105880e-02 1.223337753914411241e+00
6.206206206206206499e-02 1.225504804411421622e+00
6.306306306306305731e-02 1.226152687997141388e+00
6.406406406406406351e-02 1.224009150658060152e+00
6.506506506506506970e-02 1.225236682351412698e+00
6.606606606606606202e-02 1.223153909716167442e+00
6.706706706706706822e-02 1.226846090323474803e+00
6.806806806806806054e-02 1.225002476984489164e+00
6.906906906906906674e-02 1.220452890039454008e+00
7.007007007007007293e-02 1.224163006609400473e+00
7.107107107107106525e-02 1.220554236210038779e+00
7.207207207207207145e-02 1.222353303475412822e+00
7.307307307307307764e-02 1.223109717408311647e+00
7.407407407407406996e-02 1.221680253410361683e+00
7.507507507507507616e-02 1.215412312474827949e+00
7.607607607607608236e-02 1.214676114223332215e+00
7.707707707707707467e-02 1.215756999499666868e+00
7.807807807807808087e-02 1.220149962609119676e+00
7.907907907907907319e-02 1.217999022242432394e+00
8.008008008008007939e-02 1.215108574319173407e+00
8.108108108108108558e-02 1.212770916336740612e+00
8.208208208208207790e-02 1.217973703223911297e+00
8.308308308308308410e-02 1.216303993861221677e+00
8.408408408408407642e-02 1.217591556614083359e+00
8.508508508508508261e-02 1.213104451173605991e+00
8.608608608608608881e-02 1.213049251096620651e+00
8.708708708708708113e-02 1.209900693367453428e+00
8.808808808808808732e-02 1.203906705555154666e+00
8.908908908908909352e-02 1.208348227415139364e+00
9.009009009009008584e-02 1.208702728368517665e+00
9.109109109109109204e-02 1.210188199290016753e+00
9.209209209209209823e-02 1.211283803674589432e+00
9.309309309309309055e-02 1.214566498849912968e+00
9.409409409409409675e-02 1.208893613514207432e+00
9.509509509509508907e-02 1.202888467499585667e+00
9.609609609609609526e-02 1.208305351793215410e+00
9.709709709709710146e-02 1.205578083448582527e+00
9.809809809809809378e-02 1.211039623533344045e+00
9.909909909909909997e-02 1.205507143422710703e+00
1.001001001001000923e-01 1.199245749069347333e+00
1.011011011011010985e-01 1.203101564100335752e+00
1.021021021021021047e-01 1.204638835090228177e+00
1.031031031031030970e-01 1.203276379235776794e+00
1.041041041041041032e-01 1.202546368000441346e+00
1.051051051051051094e-01 1.202011208853307700e+00
1.061061061061061017e-01 1.198872057248360878e+00
1.071071071071071079e-01 1.200008324748817135e+00
1.081081081081081141e-01 1.196737358348633151e+00
1.091091091091091064e-01 1.197188713854812292e+00
1.101101101101101126e-01 1.201129890347467644e+00
1.111111111111111049e-01 1.198981036628474772e+00
1.121121121121121111e-01 1.197043192966422920e+00
1.131131131131131173e-01 1.198361000857917524e+00
1.141141141141141097e-01 1.197075805791605330e+00
1.151151151151151159e-01 1.193416397824121900e+00
1.161161161161161082e-01 1.196834267101340110e+00
1.171171171171171144e-01 1.193748102997941984e+00
1.181181181181181206e-01 1.193373402541278105e+00
1.191191191191191129e-01 1.194886785035905064e+00
1.201201201201201191e-01 1.195602767276403133e+00
1.211211211211211253e-01 1.196460540196319755e+00
1.221221221221221176e-01 1.193428955425058113e+00
1.231231231231231238e-01 1.190240208489130591e+00
1.241241241241241300e-01 1.189822176497459694e+00
1.251251251251251362e-01 1.189665251183821493e+00
1.261261261261261146e-01 1.190527894238025963e+00
1.271271271271271208e-01 1.194502258389709137e+00
1.281281281281281270e-01 1.191195849688995612e+00
1.291291291291291332e-01 1.188830839641581427e+00
1.301301301301301394e-01 1.191215074937056695e+00
1.311311311311311179e-01 1.188312459793559039e+00
1.321321321321321240e-01 1.190117982929176366e+00
1.331331331331331302e-01 1.189162967693388140e+00
1.341341341341341364e-01 1.185654113516179109e+00
1.351351351351351426e-01 1.187284707378455595e+00
1.361361361361361211e-01 1.185254128839417165e+00
1.371371371371371273e-01 1.183222791438613974e+00
1.381381381381381335e-01 1.183353539145524547e+00
1.391391391391391397e-01 1.188906972129412321e+00
1.401401401401401459e-01 1.182536737039581620e+00
1.411411411411411521e-01 1.180708377839076784e+00
1.421421421421421305e-01 1.180975386308007025e+00
1.431431431431431367e-01 1.184137216045550112e+00
1.441441441441441429e-01 1.176741695563646273e+00
1.451451451451451491e-01 1.179549678759275855e+00
1.461461461461461553e-01 1.182955265438161430e+00
1.471471471471471337e-01 1.185802107747087719e+00
1.481481481481481399e-01 1.182625189361299567e+00
1.491491491491491461e-01 1.177049644795983951e+00
1.501501501501501523e-01 1.177946790378826325e+00
1.511511511511511585e-01 1.176123685513916550e+00
1.521521521521521647e-01 1.178744067246201954e+00
1.531531531531531432e-01 1.177167252988562840e+00
1.541541541541541493e-01 1.178684718993241898e+00
1.551551551551551555e-01 1.175428640428065608e+00
1.561561561561561617e-01 1.176227963577001212e+00
1.571571571571571679e-01 1.170908552993212837e+00
1.581581581581581464e-01 1.174899425533236785e+00
1.591591591591591526e-01 1.173069752152468448e+00
1.601601601601601588e-01 1.171992320626037865e+00
1.611611611611611650e-01 1.169815138466599791e+00
1.621621621621621712e-01 1.167303098253754445e+00
1.631631631631631496e-01 1.173460658652673905e+00
1.641641641641641558e-01 1.174097921925707499e+00
1.651651651651651620e-01 1.174817045322529951e+00
1.661661661661661682e-01 1.176172154361730282e+00
1.671671671671671744e-01 1.174236209721871926e+00
1.681681681681681528e-01 1.169359655627783212e+00
1.691691691691691590e-01 1.176549694936069645e+00
1.701701701701701652e-01 1.168479069310627505e+00
1.711711711711711714e-01 1.170385194578490218e+00
1.721721721721721776e-01 1.178247028145720243e+00
1.731731731731731838e-01 1.171403353635988687e+00
1.741741741741741623e-01 1.170773438399331345e+00
1.751751751751751685e-01 1.171099855509192933e+00
1.761761761761761746e-01 1.167391420641489708e+00
1.771771771771771808e-01 1.167182337454516938e+00
1.781781781781781870e-01 1.169199373940146724e+00
1.791791791791791655e-01 1.168835578434317179e+00
1.801801801801801717e-01 1.173044767867538862e+00
1.811811811811811779e-01 1.174887384643138466e+00
1.821821821821821841e-01 1.165685547680538336e+00
1.831831831831831903e-01 1.169854406766506649e+00
1.841841841841841965e-01 1.170559892197088780e+00
1.851851851851851749e-01 1.169988681377444939e+00
1.861861861861861811e-01 1.167016069612803797e+00
1.871871871871871873e-01 1.166448415699210095e+00
1.881881881881881935e-01 1.175814723662472305e+00
1.891891891891891997e-01 1.173322741101982203e+00
1.901901901901901781e-01 1.173212148063719207e+00
1.911911911911911843e-01 1.171476737437299853e+00
1.921921921921921905e-01 1.176524613356363380e+00
1.931931931931931967e-01 1.182073642030264216e+00
1.941941941941942029e-01 1.184890409857420668e+00
1.951951951951951814e-01 1.187432504525389065e+00
1.961961961961961876e-01 1.193112370620242890e+00
1.971971971971971938e-01 1.200544007544397607e+00
1.981981981981981999e-01 1.204482086525576978e+00
1.991991991991992061e-01 1.222195915780555087e+00
2.002002002002001846e-01 1.238024681621009426e+00
2.012012012012011908e-01 1.253445461719362664e+00
2.022022022022021970e-01 1.288922957791356572e+00
2.032032032032032032e-01 1.342183755144044310e+00
2.042042042042042094e-01 1.430836200742740205e+00
2.052052052052052156e-01 1.562312293130065033e+00
2.062062062062061940e-01 1.698189332832340082e+00
2.072072072072072002e-01 1.721134334998860815e+00
2.082082082082082064e-01 1.717943549903771627e+00
2.092092092092092126e-01 1.707046009938028241e+00
2.102102102102102188e-01 1.595557961093439170e+00
2.112112112112111972e-01 1.453716412312443973e+00
2.122122122122122034e-01 1.354188164612085687e+00
2.132132132132132096e-01 1.295864759881998562e+00
2.142142142142142158e-01 1.259368787023271263e+00
2.152152152152152220e-01 1.230818554488468441e+00
2.162162162162162282e-01 1.213379142258840915e+00
2.172172172172172067e-01 1.207300882592915459e+00
2.182182182182182129e-01 1.190984187055898813e+00
2.192192192192192191e-01 1.187904084950727635e+00
2.202202202202202252e-01 1.177019907590012737e+00
2.212212212212212314e-01 1.171682067120123794e+00
2.222222222222222099e-01 1.170727730689532509e+00
2.232232232232232161e-01 1.163833493324621937e+00
2.242242242242242223e-01 1.166566560543432107e+00
2.252252252252252285e-01 1.162210447381020639e+00
2.262262262262262347e-01 1.157592991538805016e+00
2.272272272272272131e-01 1.153725995110149505e+00
2.282282282282282193e-01 1.155386889299078845e+00
2.292292292292292255e-01 1.153834972073138676e+00
2.302302302302302317e-01 1.148868935897539467e+00
2.312312312312312379e-01 1.149061130792750296e+00
2.322322322322322163e-01 1.148987511051512866e+00
2.332332332332332225e-01 1.152523612362085448e+00
2.342342342342342287e-01 1.146798962041915670e+00
2.352352352352352349e-01 1.147330328304479563e+00
2.362362362362362411e-01 1.147923403339767612e+00
2.372372372372372473e-01 1.145526570673470967e+00
2.382382382382382258e-01 1.147959845743147467e+00
2.392392392392392320e-01 1.142528352147614390e+00
2.402402402402402382e-01 1.139060668246121288e+00
2.412412412412412444e-01 1.143837535533655192e+00
2.422422422422422505e-01 1.144605703998546886e+00
2.432432432432432290e-01 1.140126697561338887e+00
2.442442442442442352e-01 1.140795424619109433e+00
2.452452452452452414e-01 1.141267908277315390e+00
2.462462462462462476e-01 1.136770688531673956e+00
2.472472472472472538e-01 1.137132601989573555e+00
2.482482482482482600e-01 1.141574274219596230e+00
2.492492492492492384e-01 1.137847678143179886e+00
2.502502502502502724e-01 1.136567651505616894e+00
2.512512512512512508e-01 1.143006106533635213e+00
2.522522522522522292e-01 1.138265774840797828e+00
2.532532532532532632e-01 1.137442118040932648e+00
2.542542542542542416e-01 1.141825878680474027e+00
2.552552552552552756e-01 1.141043984459368943e+00
2.562562562562562540e-01 1.137661063590727828e+00
2.572572572572572325e-01 1.135134746889358448e+00
2.582582582582582664e-01 1.133952494067785421e+00
2.592592592592592449e-01 1.133333780241426725e+00
2.602602602602602788e-01 1.133497047955499548e+00
2.612612612612612573e-01 1.129359996623583884e+00
2.622622622622622357e-01 1.136157448875571019e+00
2.632632632632632697e-01 1.133306511701055008e+00
2.642642642642642481e-01 1.138361282582234679e+00
2.652652652652652820e-01 1.137168065776598347e+00
2.662662662662662605e-01 1.134667373941668167e+00
2.672672672672672389e-01 1.131298401673922038e+00
2.682682682682682729e-01 1.132397902139258061e+00
2.692692692692692513e-01 1.129178935152437724e+00
2.702702702702702853e-01 1.126396876999888663e+00
2.712712712712712637e-01 1.134560451832561156e+00
2.722722722722722422e-01 1.129274214037671920e+00
2.732732732732732761e-01 1.123838817460159900e+00
2.742742742742742545e-01 1.133613784335850694e+00
2.752752752752752885e-01 1.128353640904582234e+00
2.762762762762762669e-01 1.128122238389554166e+00
2.772772772772773009e-01 1.127759921843079605e+00
2.782782782782782793e-01 1.126082830823592840e+00
2.792792792792792578e-01 1.127838549160085968e+00
2.802802802802802917e-01 1.130343182858513984e+00
2.812812812812812702e-01 1.127771956280576582e+00
2.822822822822823041e-01 1.122673462810201306e+00
2.832832832832832826e-01 1.122888542921082866e+00
2.842842842842842610e-01 1.123512425275921878e+00
2.852852852852852950e-01 1.124353932407286205e+00
2.862862862862862734e-01 1.122461701099659370e+00
2.872872872872873073e-01 1.128387890358021339e+00
2.882882882882882858e-01 1.123617920180072227e+00
2.892892892892892642e-01 1.126074821309992702e+00
2.902902902902902982e-01 1.126087193538760411e+00
2.912912912912912766e-01 1.123076703473571802e+00
2.922922922922923106e-01 1.122151026747575830e+00
2.932932932932932890e-01 1.121143171833057561e+00
2.942942942942942675e-01 1.125698222980308305e+00
2.952952952952953014e-01 1.122178176014040574e+00
2.962962962962962798e-01 1.121889492467828875e+00
2.972972972972973138e-01 1.121978728154399807e+00
2.982982982982982922e-01 1.117131029820728427e+00
2.992992992992992707e-01 1.116842676272036705e+00
3.003003003003003046e-01 1.125529546301031303e+00
3.013013013013012831e-01 1.116031714427763610e+00
3.023023023023023170e-01 1.118351049718012025e+00
3.033033033033032955e-01 1.116062684473680289e+00
3.043043043043043294e-01 1.122448058276227956e+00
3.053053053053053079e-01 1.123179403385160313e+00
3.063063063063062863e-01 1.115766495198128094e+00
3.073073073073073203e-01 1.120447316371274260e+00
3.083083083083082987e-01 1.117120556055115177e+00
3.093093093093093326e-01 1.117055300056538414e+00
3.103103103103103111e-01 1.119198295389090880e+00
3.113113113113112895e-01 1.122281877932418181e+00
3.123123123123123235e-01 1.113941454512479057e+00
3.133133133133133019e-01 1.120941640823551522e+00
3.143143143143143359e-01 1.123094267158279536e+00
3.153153153153153143e-01 1.116045464501598250e+00
3.163163163163162928e-01 1.113733825098009556e+00
3.173173173173173267e-01 1.118418726629089921e+00
3.183183183183183051e-01 1.115705609338768944e+00
3.193193193193193391e-01 1.114855910365468494e+00
3.203203203203203175e-01 1.113602926794452497e+00
3.213213213213212960e-01 1.105888748073427408e+00
3.223223223223223299e-01 1.113241391859405294e+00
3.233233233233233084e-01 1.114222361580074594e+00
3.243243243243243423e-01 1.112611356882519109e+00
3.253253253253253208e-01 1.110147297728231841e+00
3.263263263263262992e-01 1.111373935969184101e+00
3.273273273273273332e-01 1.116001933862373452e+00
3.283283283283283116e-01 1.116676500229872415e+00
3.293293293293293456e-01 1.112249406718231137e+00
3.303303303303303240e-01 1.113405214275880128e+00
3.313313313313313024e-01 1.114416229149216120e+00
3.323323323323323364e-01 1.107591309715340921e+00
3.333333333333333148e-01 1.109333978277705413e+00
3.343343343343343488e-01 1.111680791330181606e+00
3.353353353353353272e-01 1.108186002418574123e+00
3.363363363363363057e-01 1.115893155040595719e+00
3.373373373373373396e-01 1.108905101134275872e+00
3.383383383383383181e-01 1.110587827870300970e+00
3.393393393393393520e-01 1.117705037424955306e+00
3.403403403403403304e-01 1.110314189729585399e+00
3.413413413413413644e-01 1.107906265767654386e+00
3.423423423423423428e-01 1.110202869207129961e+00
3.433433433433433213e-01 1.106648080876061035e+00
3.443443443443443552e-01 1.106650480950449600e+00
3.453453453453453337e-01 1.102497476704720647e+00
3.463463463463463676e-01 1.104585935400441699e+00
3.473473473473473461e-01 1.108446107148250759e+00
3.483483483483483245e-01 1.104307047947315823e+00
3.493493493493493585e-01 1.102707454954246824e+00
3.503503503503503369e-01 1.111399226279551122e+00
3.513513513513513709e-01 1.103590013601672748e+00
3.523523523523523493e-01 1.102979311383603944e+00
3.533533533533533277e-01 1.104917070012768621e+00
3.543543543543543617e-01 1.103217637429651177e+00
3.553553553553553401e-01 1.102012891227047486e+00
3.563563563563563741e-01 1.107238940445425035e+00
3.573573573573573525e-01 1.104726397523832393e+00
3.583583583583583310e-01 1.098798241268775122e+00
3.593593593593593649e-01 1.102649469656457271e+00
3.603603603603603434e-01 1.098682658408172141e+00
3.613613613613613773e-01 1.100441666285283393e+00
3.623623623623623557e-01 1.097887818240227409e+00
3.633633633633633342e-01 1.098304680636601027e+00
3.643643643643643681e-01 1.097636324275321984e+00
3.653653653653653466e-01 1.101248653252720811e+00
3.663663663663663805e-01 1.096126663739612095e+00
3.673673673673673590e-01 1.093110820012867412e+00
3.683683683683683929e-01 1.091069320251016661e+00
3.693693693693693714e-01 1.089869969581136244e+00
3.703703703703703498e-01 1.090309244636779917e+00
3.713713713713713838e-01 1.093276213331459745e+00
3.723723723723723622e-01 1.085476535842379242e+00
3.733733733733733962e-01 1.085140685091275481e+00
3.743743743743743746e-01 1.083106126166473171e+00
3.753753753753753530e-01 1.084359127677187562e+00
3.763763763763763870e-01 1.077975277978041824e+00
3.773773773773773654e-01 1.076177227928884594e+00
3.783783783783783994e-01 1.071414881328990543e+00
3.793793793793793778e-01 1.069649238968451321e+00
3.803803803803803563e-01 1.063482424640685320e+00
3.813813813813813902e-01 1.055103487960991959e+00
3.823823823823823687e-01 1.051181704434739350e+00
3.833833833833834026e-01 1.037322161266909015e+00
3.843843843843843811e-01 1.029861966174284271e+00
3.853853853853853595e-01 1.010991508515335369e+00
3.863863863863863934e-01 9.924504306019945599e-01
3.873873873873873719e-01 9.742965317854662688e-01
3.883883883883884058e-01 9.328237369305174553e-01
3.893893893893893843e-01 8.829941897435820142e-01
3.903903903903903627e-01 8.057449128944543792e-01
3.913913913913913967e-01 6.966788403394843510e-01
3.923923923923923751e-01 5.486710788508168957e-01
3.933933933933934091e-01 4.366304135347975346e-01
3.943943943943943875e-01 4.188030619701845203e-01
3.953953953953953659e-01 4.230304659408604673e-01
3.963963963963963999e-01 4.135382869998644462e-01
3.973973973973973783e-01 4.398251128549193756e-01
3.983983983983984123e-01 5.703627199957316263e-01
3.993993993993993907e-01 7.117785162771060881e-01
4.004004004004003692e-01 8.102498393844573821e-01
4.014014014014014031e-01 8.836475871706399587e-01
4.024024024024023816e-01 9.310730057307596841e-01
4.034034034034034155e-01 9.728749534471248239e-01
4.044044044044043940e-01 9.910877664991941671e-01
4.054054054054054279e-01 1.008442434278074007e+00
4.064064064064064064e-01 1.026547622781069924e+00
4.074074074074073848e-01 1.038122296130177258e+00
4.084084084084084187e-01 1.042019458622230665e+00
4.094094094094093972e-01 1.054839317701057322e+00
4.104104104104104311e-01 1.061120171513130872e+00
4.114114114114114096e-01 1.061099753234102439e+00
4.124124124124123880e-01 1.062335927499276966e+00
4.134134134134134220e-01 1.065702692107332483e+00
4.144144144144144004e-01 1.064244931611439959e+00
4.154154154154154344e-01 1.067359565671791577e+00
4.164164164164164128e-01 1.067275084146574571e+00
4.174174174174173912e-01 1.073971015938161466e+00
4.184184184184184252e-01 1.076508129733037000e+00
4.194194194194194036e-01 1.077681240995140177e+00
4.204204204204204376e-01 1.076994955333553827e+00
4.214214214214214160e-01 1.076524357861244452e+00
4.224224224224223945e-01 1.074922545092751758e+00
4.234234234234234284e-01 1.076284821093625999e+00
4.244244244244244069e-01 1.076606845431947956e+00
4.254254254254254408e-01 1.072101745034214737e+00
4.264264264264264193e-01 1.070971027623332406e+00
4.274274274274273977e-01 1.076135912959561347e+00
4.284284284284284317e-01 1.065213421951423989e+00
4.294294294294294101e-01 1.063670376187727751e+00
4.304304304304304440e-01 1.060925868894999180e+00
4.314314314314314225e-01 1.060065295577579336e+00
4.324324324324324564e-01 1.059012102273920508e+00
4.334334334334334349e-01 1.050671752539759307e+00
4.344344344344344133e-01 1.048252594144008620e+00
4.354354354354354473e-01 1.030467325476684515e+00
4.364364364364364257e-01 1.015557112085680114e+00
4.374374374374374597e-01 1.003066808169988278e+00
4.384384384384384381e-01 9.791704228543470778e-01
4.394394394394394165e-01 9.477708721608610887e-01
4.404404404404404505e-01 8.993268678342629663e-01
4.414414414414414289e-01 8.298692474479872905e-01
4.424424424424424629e-01 7.230763315560259086e-01
4.434434434434434413e-01 5.964029161155458558e-01
4.444444444444444198e-01 5.373428754823788012e-01
4.454454454454454537e-01 5.333167520129106220e-01
4.464464464464464322e-01 5.338862655676276381e-01
4.474474474474474661e-01 5.355413113947409265e-01
4.484484484484484446e-01 6.103744686247430939e-01
4.494494494494494230e-01 7.404205640085066431e-01
4.504504504504504570e-01 8.390525513338306096e-01
4.514514514514514354e-01 9.100827239492442766e-01
4.524524524524524693e-01 9.530522518106919749e-01
4.534534534534534478e-01 9.853811288373379718e-01
4.544544544544544262e-01 1.007238529640265945e+00
4.554554554554554602e-01 1.022772159451688756e+00
4.564564564564564386e-01 1.037705797122793872e+00
4.574574574574574726e-01 1.045839676287810605e+00
4.584584584584584510e-01 1.052503651958457853e+00
4.594594594594594295e-01 1.058086151673656161e+00
4.604604604604604634e-01 1.062131311863888650e+00
4.614614614614614418e-01 1.067794347324736215e+00
4.624624624624624758e-01 1.070891160104950890e+00
4.634634634634634542e-01 1.075723982019120895e+00
4.644644644644644327e-01 1.075349469481898357e+00
4.654654654654654666e-01 1.077422844604281948e+00
4.664664664664664451e-01 1.080160813432535116e+00
4.674674674674674790e-01 1.082708116392733011e+00
4.684684684684684575e-01 1.086050722239770838e+00
4.694694694694694914e-01 1.083024563615310187e+00
4.704704704704704699e-01 1.082630667276055503e+00
4.714714714714714483e-01 1.087522633751211831e+00
4.724724724724724823e-01 1.085047768366451892e+00
4.734734734734734607e-01 1.089591193547941206e+00
4.744744744744744946e-01 1.082820122925566508e+00
4.754754754754754731e-01 1.089853128985057928e+00
4.764764764764764515e-01 1.090972644671901470e+00
4.774774774774774855e-01 1.089339655951742758e+00
4.784784784784784639e-01 1.087442825158741355e+00
4.794794794794794979e-01 1.092464602164126664e+00
4.804804804804804763e-01 1.088657788008366767e+00
4.814814814814814548e-01 1.089560606462054881e+00
4.824824824824824887e-01 1.090344827396439564e+00
4.834834834834834671e-01 1.092707241173915822e+00
4.844844844844845011e-01 1.089692244155979095e+00
4.854854854854854795e-01 1.096559540484863593e+00
4.864864864864864580e-01 1.094302906060680369e+00
4.874874874874874919e-01 1.089880046099108046e+00
4.884884884884884704e-01 1.092765161909038607e+00
4.894894894894895043e-01 1.093229093676971297e+00
4.904904904904904828e-01 1.099798560933935576e+00
4.914914914914914612e-01 1.092175445668165379e+00
4.924924924924924952e-01 1.096283183635110348e+00
4.934934934934934736e-01 1.088702352884651114e+00
4.944944944944945076e-01 1.091999227621355928e+00
4.954954954954954860e-01 1.094681273788034703e+00
4.964964964964965199e-01 1.093386101600341220e+00
4.974974974974974984e-01 1.093251895261711182e+00
4.984984984984984768e-01 1.096412783838783156e+00
4.994994994994995108e-01 1.092225043354711378e+00
5.005005005005005447e-01 1.097986354361191852e+00
5.015015015015015232e-01 1.095146068528578986e+00
5.025025025025025016e-01 1.093633039052901657e+00
5.035035035035034801e-01 1.092460313001623495e+00
5.045045045045044585e-01 1.101050967911050726e+00
5.055055055055055480e-01 1.099023912768923639e+00
5.065065065065065264e-01 1.095709293813104557e+00
5.075075075075075048e-01 1.094707965607542022e+00
5.085085085085084833e-01 1.098945573248583552e+00
5.095095095095094617e-01 1.099072258078796160e+00
5.105105105105105512e-01 1.095621349213952822e+00
5.115115115115115296e-01 1.095548023593649223e+00
5.125125125125125081e-01 1.099494880473548042e+00
5.135135135135134865e-01 1.099529565519127505e+00
5.145145145145144649e-01 1.097504530699043412e+00
5.155155155155155544e-01 1.097852422988871313e+00
5.165165165165165329e-01 1.099034921698913481e+00
5.175175175175175113e-01 1.098973615116322300e+00
5.185185185185184897e-01 1.098790106806383005e+00
5.195195195195194682e-01 1.095694464032896942e+00
5.205205205205205576e-01 1.097715250061964021e+00
5.215215215215215361e-01 1.100459923902480375e+00
5.225225225225225145e-01 1.097834770774627433e+00
5.235235235235234930e-01 1.097273745978941673e+00
5.245245245245244714e-01 1.098433122400885198e+00
5.255255255255255609e-01 1.095907999741873029e+00
5.265265265265265393e-01 1.096673184895132769e+00
5.275275275275275177e-01 1.090697771241262659e+00
5.285285285285284962e-01 1.098518252346889490e+00
5.295295295295294746e-01 1.099558935386167002e+00
5.305305305305305641e-01 1.098277424732057472e+00
5.315315315315315425e-01 1.092366880520214689e+00
5.325325325325325210e-01 1.097455744956628454e+00
5.335335335335334994e-01 1.096291919896348555e+00
5.345345345345344779e-01 1.100968654987365847e+00
5.355355355355355673e-01 1.099878092369341864e+00
5.365365365365365458e-01 1.098743765487855573e+00
5.375375375375375242e-01 1.095450042853088446e+00
5.385385385385385026e-01 1.101751826815619895e+00
5.395395395395394811e-01 1.090159386227782079e+00
5.405405405405405705e-01 1.099252681171718038e+00
5.415415415415415490e-01 1.096183889076224993e+00
5.425425425425425274e-01 1.097775457579701186e+00
5.435435435435435059e-01 1.095812183024317932e+00
5.445445445445444843e-01 1.097944441066351917e+00
5.455455455455455738e-01 1.094412500694523560e+00
5.465465465465465522e-01 1.097021217228075995e+00
5.475475475475475307e-01 1.089577297384159760e+00
5.485485485485485091e-01 1.093559641876898914e+00
5.495495495495495986e-01 1.091494165428203544e+00
5.505505505505505770e-01 1.087444166508837018e+00
5.515515515515515554e-01 1.085885140296597218e+00
5.525525525525525339e-01 1.083971804431919539e+00
5.535535535535535123e-01 1.086463488669976662e+00
5.545545545545546018e-01 1.083399739524016692e+00
5.555555555555555802e-01 1.082146952357146974e+00
5.565565565565565587e-01 1.082833707260830503e+00
5.575575575575575371e-01 1.078329388653855192e+00
5.585585585585585155e-01 1.076367583422765728e+00
5.595595595595596050e-01 1.066207506249571280e+00
5.605605605605605835e-01 1.070117582184479499e+00
5.615615615615615619e-01 1.059568923101200655e+00
5.625625625625625403e-01 1.061442446615075141e+00
5.635635635635635188e-01 1.048030784775823010e+00
5.645645645645646082e-01 1.040086479097698469e+00
5.655655655655655867e-01 1.026810489868196452e+00
5.665665665665665651e-01 1.011666423469197218e+00
5.675675675675675436e-01 9.876360847980113489e-01
5.685685685685685220e-01 9.641299573723329797e-01
5.695695695695696115e-01 9.195679635882787473e-01
5.705705705705705899e-01 8.558907124820508416e-01
5.715715715715715683e-01 7.688256483880141490e-01
5.725725725725725468e-01 6.276889327324736145e-01
5.735735735735735252e-01 4.490703597558639570e-01
5.745745745745746147e-01 3.092414605331763044e-01
5.755755755755755931e-01 2.960510196696233831e-01
5.765765765765765716e-01 2.969569966791537619e-01
5.775775775775775500e-01 3.002538638783558977e-01
5.785785785785785285e-01 4.031356384649584235e-01
5.795795795795796179e-01 5.905305777139091550e-01
5.805805805805805964e-01 7.416769853359412856e-01
5.815815815815815748e-01 8.392448084692588628e-01
5.825825825825825532e-01 9.088136220719340574e-01
5.835835835835835317e-01 9.558705092209002219e-01
5.845845845845846211e-01 9.894908680133652767e-01
5.855855855855855996e-01 1.011804081501092467e+00
5.865865865865865780e-01 1.025284706900717158e+00
5.875875875875875565e-01 1.037586929915801370e+00
5.885885885885885349e-01 1.051288912256586494e+00
5.895895895895896244e-01 1.060743921954629077e+00
5.905905905905906028e-01 1.074086377000021075e+00
5.915915915915915813e-01 1.072388151386617139e+00
5.925925925925925597e-01 1.077320530267758203e+00
5.935935935935935381e-01 1.082085475241635564e+00
5.945945945945946276e-01 1.082704591832096552e+00
5.955955955955956060e-01 1.084924347384433441e+00
5.965965965965965845e-01 1.088622830855294321e+00
5.975975975975975629e-01 1.090936269301535422e+00
5.985985985985985414e-01 1.096462265477178510e+00
5.995995995995996308e-01 1.096798495438384924e+00
6.006006006006006093e-01 1.094480255705999605e+00
6.016016016016015877e-01 1.102226452417212732e+00
6.026026026026025662e-01 1.101211102274359588e+00
6.036036036036035446e-01 1.102766948384813706e+00
6.046046046046046341e-01 1.102176080812358405e+00
6.056056056056056125e-01 1.105870602959542204e+00
6.066066066066065909e-01 1.106387944450393901e+00
6.076076076076075694e-01 1.110331173050953746e+00
6.086086086086086588e-01 1.105902629393493264e+00
6.096096096096096373e-01 1.111702629399326181e+00
6.106106106106106157e-01 1.109087634373511877e+00
6.116116116116115942e-01 1.109874362279748228e+00
6.126126126126125726e-01 1.109546030912909265e+00
6.136136136136136621e-01 1.111341645953880519e+00
6.146146146146146405e-01 1.109741030056304645e+00
6.156156156156156189e-01 1.107702063770448220e+00
6.166166166166165974e-01 1.114227080628406252e+00
6.176176176176175758e-01 1.112745474805813206e+00
6.186186186186186653e-01 1.114192851179482302e+00
6.196196196196196437e-01 1.112394689713617435e+00
6.206206206206206222e-01 1.118847804058392237e+00
6.216216216216216006e-01 1.113616043606412198e+00
6.226226226226225791e-01 1.117233758617379502e+00
6.236236236236236685e-01 1.117181592417041625e+00
6.246246246246246470e-01 1.118546118303979986e+00
6.256256256256256254e-01 1.117519839859636210e+00
6.266266266266266038e-01 1.115993240961842270e+00
6.276276276276275823e-01 1.121114729510375163e+00
6.286286286286286717e-01 1.119028361433394236e+00
6.296296296296296502e-01 1.120588294007088592e+00
6.306306306306306286e-01 1.119701136102634109e+00
6.316316316316316071e-01 1.120047615689021558e+00
6.326326326326325855e-01 1.119572298383820996e+00
6.336336336336336750e-01 1.119432119575034967e+00
6.346346346346346534e-01 1.120357976949293066e+00
6.356356356356356319e-01 1.125436505001939258e+00
6.366366366366366103e-01 1.123547335514521794e+00
6.376376376376375887e-01 1.117438750013551862e+00
6.386386386386386782e-01 1.121884308892148185e+00
6.396396396396396566e-01 1.127928806698461628e+00
6.406406406406406351e-01 1.125607913640559898e+00
6.416416416416416135e-01 1.122905087711386418e+00
6.426426426426425920e-01 1.122832923682462569e+00
6.436436436436436814e-01 1.127875635073544158e+00
6.446446446446446599e-01 1.122051561537515951e+00
6.456456456456456383e-01 1.128433922868322892e+00
6.466466466466466168e-01 1.127801049973093495e+00
6.476476476476475952e-01 1.124890595438307495e+00
6.486486486486486847e-01 1.123650539225994560e+00
6.496496496496496631e-01 1.135102928092850627e+00
6.506506506506506415e-01 1.135387791255496603e+00
6.516516516516516200e-01 1.132231748940449423e+00
6.526526526526525984e-01 1.133896943025939130e+00
6.536536536536536879e-01 1.134716923141936284e+00
6.546546546546546663e-01 1.134963560752269673e+00
6.556556556556556448e-01 1.140309799602332141e+00
6.566566566566566232e-01 1.135976562039172189e+00
6.576576576576576016e-01 1.142114395317410658e+00
6.586586586586586911e-01 1.141300524552870455e+00
6.596596596596596696e-01 1.148524409038048866e+00
6.606606606606606480e-01 1.149486410269023873e+00
6.616616616616616264e-01 1.150175053110922940e+00
6.626626626626626049e-01 1.156406378810225899e+00
6.636636636636636943e-01 1.159684684546177680e+00
6.646646646646646728e-01 1.165270630567902588e+00
6.656656656656656512e-01 1.172627172133383189e+00
6.666666666666666297e-01 1.179595856853513203e+00
6.676676676676676081e-01 1.196223428929827692e+00
6.686686686686686976e-01 1.221707583503646388e+00
6.696696696696696760e-01 1.249084421600725303e+00
6.706706706706706544e-01 1.284464915964205867e+00
6.716716716716716329e-01 1.353098666273055972e+00
6.726726726726726113e-01 1.457670182389393387e+00
6.736736736736737008e-01 1.599537950128614439e+00
6.746746746746746792e-01 1.662363610754221899e+00
6.756756756756756577e-01 1.663076943159253807e+00
6.766766766766766361e-01 1.665263255972582623e+00
6.776776776776777256e-01 1.628857310708891948e+00
6.786786786786787040e-01 1.494982957909047672e+00
6.796796796796796825e-01 1.381546637007611933e+00
6.806806806806806609e-01 1.311066641864695459e+00
6.816816816816816393e-01 1.255636001498324106e+00
6.826826826826827288e-01 1.231992144191048189e+00
6.836836836836837072e-01 1.211208803321225602e+00
6.846846846846846857e-01 1.192551652102114890e+00
6.856856856856856641e-01 1.184382429375045120e+00
6.866866866866866426e-01 1.175829098770114323e+00
6.876876876876877320e-01 1.167679783836158558e+00
6.886886886886887105e-01 1.165980814847111802e+00
6.896896896896896889e-01 1.161899079311058847e+00
6.906906906906906674e-01 1.159164213165361668e+00
6.916916916916916458e-01 1.153930918243133430e+00
6.926926926926927353e-01 1.151035419851042185e+00
6.936936936936937137e-01 1.155509235549514457e+00
6.946946946946946921e-01 1.158216267502926611e+00
6.956956956956956706e-01 1.154363346254449807e+00
6.966966966966966490e-01 1.149981824176681267e+00
6.976976976976977385e-01 1.152320758442638704e+00
6.986986986986987169e-01 1.151795710175130161e+00
6.996996996996996954e-01 1.146527789928609709e+00
7.007007007007006738e-01 1.144128388972748267e+00
7.017017017017016522e-01 1.151480694245806680e+00
7.027027027027027417e-01 1.146808880337611525e+00
7.037037037037037202e-01 1.150813130034326059e+00
7.047047047047046986e-01 1.151511018602662029e+00
7.057057057057056770e-01 1.150979587441390173e+00
7.067067067067066555e-01 1.150013560517813227e+00
7.077077077077077449e-01 1.144583877627854296e+00
7.087087087087087234e-01 1.150582708789548603e+00
7.097097097097097018e-01 1.153316772941083146e+00
7.107107107107106803e-01 1.148193627656657334e+00
7.117117117117116587e-01 1.148440090555506332e+00
7.127127127127127482e-01 1.153573780314950836e+00
7.137137137137137266e-01 1.151997406955710845e+00
7.147147147147147050e-01 1.152173082750017397e+00
7.157157157157156835e-01 1.150946133255795090e+00
7.167167167167166619e-01 1.146208679923883089e+00
7.177177177177177514e-01 1.155703104589786756e+00
7.187187187187187298e-01 1.152247504800240963e+00
7.197197197197197083e-01 1.152057737703920504e+00
7.207207207207206867e-01 1.153199913774708429e+00
7.217217217217216652e-01 1.152037928337269479e+00
7.227227227227227546e-01 1.152750393912091997e+00
7.237237237237237331e-01 1.156221337482217226e+00
7.247247247247247115e-01 1.154026507829017723e+00
7.257257257257256899e-01 1.155762478346737510e+00
7.267267267267266684e-01 1.154882780842777956e+00
7.277277277277277578e-01 1.149266400275854805e+00
7.287287287287287363e-01 1.157005638233846501e+00
7.297297297297297147e-01 1.156926148626399531e+00
7.307307307307306932e-01 1.159022586024901935e+00
7.317317317317316716e-01 1.162479542387945930e+00
7.327327327327327611e-01 1.160977251077541128e+00
7.337337337337337395e-01 1.158528731782519250e+00
7.347347347347347180e-01 1.157626135417171742e+00
7.357357357357356964e-01 1.159064144380275163e+00
7.367367367367367859e-01 1.156961016084510740e+00
7.377377377377377643e-01 1.163372015338761001e+00
7.387387387387387427e-01 1.163167020493691695e+00
7.397397397397397212e-01 1.164049776509219924e+00
7.407407407407406996e-01 1.165870775876948207e+00
7.417417417417417891e-01 1.165038212535669304e+00
7.427427427427427675e-01 1.171476564979262225e+00
7.437437437437437460e-01 1.177867085444308515e+00
7.447447447447447244e-01 1.172709508373672938e+00
7.457457457457457028e-01 1.178340641119855148e+00
7.467467467467467923e-01 1.178296777367590753e+00
7.477477477477477708e-01 1.180299302470695144e+00
7.487487487487487492e-01 1.185534255719457253e+00
7.497497497497497276e-01 1.186589399330183259e+00
7.507507507507507061e-01 1.192160283763607387e+00
7.517517517517517955e-01 1.203285049576838572e+00
7.527527527527527740e-01 1.207675206184369854e+00
7.537537537537537524e-01 1.223917504686841795e+00
7.547547547547547309e-01 1.241873644530262277e+00
7.557557557557557093e-01 1.268114804730823719e+00
7.567567567567567988e-01 1.314985789948420081e+00
7.577577577577577772e-01 1.390361720201076290e+00
7.587587587587587556e-01 1.517091524160794069e+00
7.597597597597597341e-01 1.695983432357472065e+00
7.607607607607607125e-01 1.771816949825945509e+00
7.617617617617618020e-01 1.770226597283890424e+00
7.627627627627627804e-01 1.754667125526538030e+00
7.637637637637637589e-01 1.591719646181874559e+00
7.647647647647647373e-01 1.431720794768419402e+00
7.657657657657657158e-01 1.344150447231629464e+00
7.667667667667668052e-01 1.289262577718560010e+00
7.677677677677677837e-01 1.254078112002655621e+00
7.687687687687687621e-01 1.235916490340940976e+00
7.697697697697697405e-01 1.220990755985594367e+00
7.707707707707707190e-01 1.208514508371174578e+00
7.717717717717718084e-01 1.203355619215660033e+00
7.727727727727727869e-01 1.202266749747560315e+00
7.737737737737737653e-01 1.197367433149444382e+00
7.747747747747747438e-01 1.189759024085810246e+00
7.757757757757757222e-01 1.183801219329509102e+00
7.767767767767768117e-01 1.186795396805742531e+00
7.777777777777777901e-01 1.183435093507297253e+00
7.787787787787787686e-01 1.184557126708698283e+00
7.797797797797797470e-01 1.180932699494993354e+00
7.807807807807807254e-01 1.178027080563145867e+00
7.817817817817818149e-01 1.177696494596647714e+00
7.827827827827827933e-01 1.174991746384706381e+00
7.837837837837837718e-01 1.178338296516777683e+00
7.847847847847847502e-01 1.171948248218067645e+00
7.857857857857857287e-01 1.167205455221880239e+00
7.867867867867868181e-01 1.170552045368323801e+00
7.877877877877877966e-01 1.167831706637025180e+00
7.887887887887887750e-01 1.165399303162166555e+00
7.897897897897897534e-01 1.168959327696487138e+00
7.907907907907907319e-01 1.158655368291059418e+00
7.917917917917918214e-01 1.158972759669806951e+00
7.927927927927927998e-01 1.155322831823892171e+00
7.937937937937937782e-01 1.148300255383852608e+00
7.947947947947947567e-01 1.137398266593822926e+00
7.957957957957957351e-01 1.123475181551030433e+00
7.967967967967968246e-01 1.112339840904102761e+00
7.977977977977978030e-01 1.094294610195874373e+00
7.987987987987987815e-01 1.055018423989340093e+00
7.997997997997997599e-01 1.004438112366129676e+00
8.008008008008007383e-01 9.175104772750527493e-01
8.018018018018018278e-01 7.658566139442970488e-01
8.028028028028028062e-01 5.527312054796506002e-01
8.038038038038037847e-01 4.758546273854635245e-01
8.048048048048047631e-01 4.826253745873201884e-01
8.058058058058058526e-01 4.905737037571367698e-01
8.068068068068068310e-01 6.714774241131471477e-01
8.078078078078078095e-01 8.632066087174331548e-01
8.088088088088087879e-01 9.766181073423048087e-01
8.098098098098097664e-01 1.042718500551393701e+00
8.108108108108108558e-01 1.084230108732829878e+00
8.118118118118118343e-01 1.112415788885710022e+00
8.128128128128128127e-01 1.130856498677061284e+00
8.138138138138137911e-01 1.144509127194104581e+00
8.148148148148147696e-01 1.157271978392051537e+00
8.158158158158158590e-01 1.170080636544307051e+00
8.168168168168168375e-01 1.174377576096739428e+00
8.178178178178178159e-01 1.177680998276987800e+00
8.188188188188187944e-01 1.180533263676636135e+00
8.198198198198197728e-01 1.187297346105345985e+00
8.208208208208208623e-01 1.187710957683494550e+00
8.218218218218218407e-01 1.192744967930614797e+00
8.228228228228228192e-01 1.190748515948966579e+00
8.238238238238237976e-01 1.191701163766808458e+00
8.248248248248247760e-01 1.198127959184160707e+00
8.258258258258258655e-01 1.205548566734909066e+00
8.268268268268268439e-01 1.211323146976561071e+00
8.278278278278278224e-01 1.206233303248355870e+00
8.288288288288288008e-01 1.214496697474948705e+00
8.298298298298297793e-01 1.221331754578825812e+00
8.308308308308308687e-01 1.226326570997546828e+00
8.318318318318318472e-01 1.228378274790576041e+00
8.328328328328328256e-01 1.235653018205167042e+00
8.338338338338338041e-01 1.241371004467713091e+00
8.348348348348347825e-01 1.256499148418970702e+00
8.358358358358358720e-01 1.268745434370726954e+00
8.368368368368368504e-01 1.288858927982471592e+00
8.378378378378378288e-01 1.315255647530848782e+00
8.388388388388388073e-01 1.354394776834348724e+00
8.398398398398397857e-01 1.417122073757943745e+00
8.408408408408408752e-01 1.522870283566708505e+00
8.418418418418418536e-01 1.709896202757296368e+00
8.428428428428428321e-01 1.989740635427023063e+00
8.438438438438438105e-01 2.104446071881711067e+00
8.448448448448447889e-01 2.103497637662693709e+00
8.458458458458458784e-01 2.084466660957222661e+00
8.468468468468468568e-01 1.833582717648699401e+00
8.478478478478478353e-01 1.598841929893974445e+00
8.488488488488488137e-01 1.463896878872009477e+00
8.498498498498497922e-01 1.385928413470096654e+00
8.508508508508508816e-01 1.339884803751480558e+00
8.518518518518518601e-01 1.305441228363949602e+00
8.528528528528528385e-01 1.287748637497910131e+00
8.538538538538538170e-01 1.272870812172445021e+00
8.548548548548547954e-01 1.263997631010788547e+00
8.558558558558558849e-01 1.256418423767575954e+00
8.568568568568568633e-01 1.245104156613979995e+00
8.578578578578578417e-01 1.240555323286480993e+00
8.588588588588588202e-01 1.244830449580208276e+00
8.598598598598597986e-01 1.239100843799097351e+00
8.608608608608608881e-01 1.239802265945968429e+00
8.618618618618618665e-01 1.231660434920383018e+00
8.628628628628628450e-01 1.234555714262274506e+00
8.638638638638638234e-01 1.230870293341725485e+00
8.648648648648649129e-01 1.233811349183174810e+00
8.658658658658658913e-01 1.233789338651297918e+00
8.668668668668668698e-01 1.234552846770232692e+00
8.678678678678678482e-01 1.228940105890325318e+00
8.688688688688688266e-01 1.226017558278214237e+00
8.698698698698699161e-01 1.228515529047010890e+00
8.708708708708708945e-01 1.232519886639431572e+00
8.718718718718718730e-01 1.229243424504711024e+00
8.728728728728728514e-01 1.230023436790989910e+00
8.738738738738738299e-01 1.231677903022386111e+00
8.748748748748749193e-01 1.228584740813062126e+00
8.758758758758758978e-01 1.232169873946731942e+00
8.768768768768768762e-01 1.232679568302843753e+00
8.778778778778778547e-01 1.236368845024681917e+00
8.788788788788788331e-01 1.230493897521905966e+00
8.798798798798799226e-01 1.235184228172808707e+00
8.808808808808809010e-01 1.234537745817874788e+00
8.818818818818818794e-01 1.234497422333696637e+00
8.828828828828828579e-01 1.235521743050690402e+00
8.838838838838838363e-01 1.238396866325767176e+00
8.848848848848849258e-01 1.238249426768808448e+00
8.858858858858859042e-01 1.233391411521806535e+00
8.868868868868868827e-01 1.237068642760518866e+00
8.878878878878878611e-01 1.239961263379677048e+00
8.888888888888888395e-01 1.236628592365276669e+00
8.898898898898899290e-01 1.233796055536990233e+00
8.908908908908909074e-01 1.236244673133430894e+00
8.918918918918918859e-01 1.243971391325105591e+00
8.928928928928928643e-01 1.239348152624045074e+00
8.938938938938938428e-01 1.231487794851558570e+00
8.948948948948949322e-01 1.234278809118682485e+00
8.958958958958959107e-01 1.241101734423762259e+00
8.968968968968968891e-01 1.239529239436549135e+00
8.978978978978978676e-01 1.233817071453810588e+00
8.988988988988988460e-01 1.241960589709612206e+00
8.998998998998999355e-01 1.245712963431332421e+00
9.009009009009009139e-01 1.237994855206563827e+00
9.019019019019018923e-01 1.238827431875546115e+00
9.029029029029028708e-01 1.239973833747721077e+00
9.039039039039038492e-01 1.244884813274856894e+00
9.049049049049049387e-01 1.242177219519843945e+00
9.059059059059059171e-01 1.242047224629441615e+00
9.069069069069068956e-01 1.244699748830229602e+00
9.079079079079078740e-01 1.241990362731385300e+00
9.089089089089088525e-01 1.246639141787305283e+00
9.099099099099099419e-01 1.242703360725547768e+00
9.109109109109109204e-01 1.241256557699165208e+00
9.119119119119118988e-01 1.242050732643135591e+00
9.129129129129128772e-01 1.248132314444893698e+00
9.139139139139138557e-01 1.243111553172796535e+00
9.149149149149149451e-01 1.244018108747452445e+00
9.159159159159159236e-01 1.241632529353523084e+00
9.169169169169169020e-01 1.239134668588858457e+00
9.179179179179178805e-01 1.243982783496264899e+00
9.189189189189188589e-01 1.237132917965119594e+00
9.199199199199199484e-01 1.235777322218172269e+00
9.209209209209209268e-01 1.238110212287104606e+00
9.219219219219219053e-01 1.238985141973702353e+00
9.229229229229228837e-01 1.236886263513593764e+00
9.239239239239238621e-01 1.229769540908170145e+00
9.249249249249249516e-01 1.229695382782300950e+00
9.259259259259259300e-01 1.229475196070541010e+00
9.269269269269269085e-01 1.224461193642344625e+00
9.279279279279278869e-01 1.220535496827041877e+00
9.289289289289288654e-01 1.212099330616513981e+00
9.299299299299299548e-01 1.205248948099830963e+00
9.309309309309309333e-01 1.192265838908775688e+00
9.319319319319319117e-01 1.179429487290712508e+00
9.329329329329328901e-01 1.155664850287044576e+00
9.339339339339339796e-01 1.127850033443679623e+00
9.349349349349349581e-01 1.090968359293036594e+00
9.359359359359359365e-01 1.030135868085858553e+00
9.369369369369369149e-01 9.406837534905303499e-01
9.379379379379378934e-01 8.219457844744459951e-01
9.389389389389389828e-01 6.978136003860581082e-01
9.399399399399399613e-01 6.699207042262134149e-01
9.409409409409409397e-01 6.734722364566402275e-01
9.419419419419419182e-01 6.671979189480179429e-01
9.429429429429428966e-01 6.926673329807779833e-01
9.439439439439439861e-01 7.965213470944020324e-01
9.449449449449449645e-01 9.240233012391958489e-01
9.459459459459459429e-01 1.016999599924367947e+00
9.469469469469469214e-01 1.082774647384329381e+00
9.479479479479478998e-01 1.125345605713936603e+00
9.489489489489489893e-01 1.165300561967847592e+00
9.499499499499499677e-01 1.184061397245596226e+00
9.509509509509509462e-01 1.199340832297641768e+00
9.519519519519519246e-01 1.217730926341537456e+00
9.529529529529529031e-01 1.232222386419963955e+00
9.539539539539539925e-01 1.235283587257474780e+00
9.549549549549549710e-01 1.246001337809836684e+00
9.559559559559559494e-01 1.241624611645651299e+00
9.569569569569569278e-01 1.252223276234873728e+00
9.579579579579579063e-01 1.259960972108048471e+00
9.589589589589589957e-01 1.261195469741873465e+00
9.599599599599599742e-01 1.262903233912087808e+00
9.609609609609609526e-01 1.268248320965382092e+00
9.619619619619619311e-01 1.270475716631844332e+00
9.629629629629629095e-01 1.273072606469893397e+00
9.639639639639639990e-01 1.277190252915437307e+00
9.649649649649649774e-01 1.272852240309889638e+00
9.659659659659659559e-01 1.278705519066842600e+00
9.669669669669669343e-01 1.282398251157744529e+00
9.679679679679679127e-01 1.282499176123101048e+00
9.689689689689690022e-01 1.281966679932681652e+00
9.699699699699699806e-01 1.285307705478068163e+00
9.709709709709709591e-01 1.287091120302402691e+00
9.719719719719719375e-01 1.285009119354158180e+00
9.729729729729729160e-01 1.283258460338466911e+00
9.739739739739740054e-01 1.286761238043966804e+00
9.749749749749749839e-01 1.292557194041990432e+00
9.759759759759759623e-01 1.295959143215367648e+00
9.769769769769769407e-01 1.292952931944691075e+00
9.779779779779779192e-01 1.291549389484230703e+00
9.789789789789790087e-01 1.288531356301553243e+00
9.799799799799799871e-01 1.293922611999242633e+00
9.809809809809809655e-01 1.296815683796020746e+00
9.819819819819819440e-01 1.300971474002212913e+00
9.829829829829829224e-01 1.303113373237328121e+00
9.839839839839840119e-01 1.297893997740072969e+00
9.849849849849849903e-01 1.305725061013921939e+00
9.859859859859859688e-01 1.306952507812213504e+00
9.869869869869869472e-01 1.305406218806208773e+00
9.879879879879879256e-01 1.299457369557452724e+00
9.889889889889890151e-01 1.307282948079107499e+00
9.899899899899899935e-01 1.309399232117297807e+00
9.909909909909909720e-01 1.309371185723371855e+00
9.919919919919919504e-01 1.307629094286202998e+00
9.929929929929930399e-01 1.311548293750836036e+00
9.939939939939940183e-01 1.306251516316063732e+00
9.949949949949949968e-01 1.312866686127336813e+00
9.959959959959959752e-01 1.316904197991960013e+00
9.969969969969969537e-01 1.310336751369237884e+00
9.979979979979980431e-01 1.312272288437777990e+00
9.989989989989990216e-01 1.312463436264039496e+00
1.000000000000000000e+00 1.314554513127310642e+00
