0.000000000000000000e+00 1.436964604631444153e+00
1.001001001001000992e-03 1.430899339100215384e+00
2.002002002002001985e-03 1.433589162871371281e+00
3.003003003003002977e-03 1.437889247389287473e+00
4.004004004004003969e-03 1.439062381026374959e+00
5.005005005005004962e-03 1.434225989463135509e+00
6.006006006006005954e-03 1.436458822188855899e+00
7.007007007007006946e-03 1.435397049987295004e+00
8.008008008008007939e-03 1.436372931732316616e+00
9.009009009009008931e-03 1.432845529040898569e+00
1.001001001001000992e-02 1.439113243381390017e+00
1.101101101101101092e-02 1.438459233686512073e+00
1.201201201201201191e-02 1.429262630940829393e+00
1.301301301301301290e-02 1.435316835729962159e+00
1.401401401401401389e-02 1.438195499595037674e+00
1.501501501501501488e-02 1.437809669533780532e+00
1.601601601601601588e-02 1.434083137138121522e+00
1.701701701701701513e-02 1.435785253587412047e+00
1.801801801801801786e-02 1.433664228426857923e+00
1.901901901901902059e-02 1.438211504318003486e+00
2.002002002002001985e-02 1.431517687364928459e+00
2.102102102102101910e-02 1.443962391738117024e+00
2.202202202202202183e-02 1.438388202662330917e+00
2.302302302302302456e-02 1.436938206425300901e+00
2.402402402402402382e-02 1.432206792926613792e+00
2.502502502502502307e-02 1.437158163200580541e+00
2.602602602602602580e-02 1.434957591993238690e+00
2.702702702702702853e-02 1.429671994547823566e+00
2.802802802802802778e-02 1.433190443119950475e+00
2.902902902902902704e-02 1.431679851367718914e+00
3.003003003003002977e-02 1.431428378643159638e+00
3.103103103103103250e-02 1.432478988468548708e+00
3.203203203203203175e-02 1.435119099918101604e+00
3.303303303303303101e-02 1.435568917246405229e+00
3.403403403403403027e-02 1.442863441164535576e+00
3.503503503503503647e-02 1.426588339885063617e+00
3.603603603603603572e-02 1.437339435982072366e+00
3.703703703703703498e-02 1.437843062539843508e+00
3.803803803803804118e-02 1.433486344073605645e+00
3.903903903903904044e-02 1.443314876275125558e+00
4.004004004004003969e-02 1.444640061842312528e+00
4.104104104104103895e-02 1.438435869775996245e+00
4.204204204204203821e-02 1.434918356398384276e+00
4.304304304304304440e-02 1.430371852698307578e+00
4.404404404404404366e-02 1.430605550305945606e+00
4.504504504504504292e-02 1.442485774826951950e+00
4.604604604604604912e-02 1.442170987563035300e+00
4.704704704704704837e-02 1.440956202796902064e+00
4.804804804804804763e-02 1.430349412338314030e+00
4.904904904904904689e-02 1.442347283535778901e+00
5.005005005005004615e-02 1.448698050865635079e+00
5.105105105105105234e-02 1.438014841963529911e+00
5.205205205205205160e-02 1.440050276964730536e+00
5.305305305305305086e-02 1.434771490458660148e+00
5.405405405405405705e-02 1.441616848706611220e+00
5.505505505505505631e-02 1.435408058280663646e+00
5.605605605605605557e-02 1.443362115462858419e+00
5.705705705705705483e-02 1.441462219766722175e+00
5.805805805805805409e-02 1.440964665757263008e+00
5.905905905905906028e-02 1.450018623561904585e+00
6.006006006006005954e-02 1.445541550364708439e+00
6.106106106106105880e-02 1.439495944938950167e+00
6.206206206206206499e-02 1.441738132572323527e+00
6.306306306306305731e-02 1.447853233048780996e+00
6.406406406406406351e-02 1.445883392878156037e+00
6.506506506506506970e-02 1.451352737988084396e+00
6.606606606606606202e-02 1.456249661279067631e+00
6.706706706706706822e-02 1.462889294440572252e+00
6.806806806806806054e-02 1.476171071459772888e+00
6.906906906906906674e-02 1.472328988639930447e+00
7.007007007007007293e-02 1.480035646104149061e+00
7.107107107107106525e-02 1.492531256637844583e+00
7.207207207207207145e-02 1.506032978030208191e+00
7.307307307307307764e-02 1.521694896621419657e+00
7.407407407407406996e-02 1.552724694153428286e+00
7.507507507507507616e-02 1.591217536560837198e+00
7.607607607607608236e-02 1.652761173312910836e+00
7.707707707707707467e-02 1.746209533372083511e+00
7.807807807807808087e-02 1.896667732336595247e+00
7.907907907907907319e-02 2.071250781887107539e+00
8.008008008008007939e-02 2.091675193458673476e+00
8.108108108108108558e-02 2.093845303912915679e+00
8.208208208208207790e-02 2.081475655167266403e+00
8.308308308308308410e-02 1.948195025521805901e+00
8.408408408408407642e-02 1.785840099144234694e+00
8.508508508508508261e-02 1.680989602367953362e+00
8.608608608608608881e-02 1.597211650805592020e+00
8.708708708708708113e-02 1.562060390217226535e+00
8.808808808808808732e-02 1.536576961481914916e+00
8.908908908908909352e-02 1.518580531324951410e+00
9.009009009009008584e-02 1.505894411756398155e+00
9.109109109109109204e-02 1.483269670517297634e+00
9.209209209209209823e-02 1.474756006622037319e+00
9.309309309309309055e-02 1.471157522074318491e+00
9.409409409409409675e-02 1.473087871915887748e+00
9.509509509509508907e-02 1.468612561002158534e+00
9.609609609609609526e-02 1.463237391312890212e+00
9.709709709709710146e-02 1.458100676756553860e+00
9.809809809809809378e-02 1.453740146737103611e+00
9.909909909909909997e-02 1.459104433064959627e+00
1.001001001001000923e-01 1.441384024872366165e+00
1.011011011011010985e-01 1.452123338297576227e+00
1.021021021021021047e-01 1.447869295581417637e+00
1.031031031031030970e-01 1.449779019418283577e+00
1.041041041041041032e-01 1.459100349149156095e+00
1.051051051051051094e-01 1.446292118367128232e+00
1.061061061061061017e-01 1.443118354739359122e+00
1.071071071071071079e-01 1.439645789222709027e+00
1.081081081081081141e-01 1.446703158323175531e+00
1.091091091091091064e-01 1.443941501512812753e+00
1.101101101101101126e-01 1.442527437873484253e+00
1.111111111111111049e-01 1.443108749183769079e+00
1.121121121121121111e-01 1.449344728003802762e+00
1.131131131131131173e-01 1.440265898467754546e+00
1.141141141141141097e-01 1.444544811011651886e+00
1.151151151151151159e-01 1.442215933663663296e+00
1.161161161161161082e-01 1.446166550375741489e+00
1.171171171171171144e-01 1.445440831371250345e+00
1.181181181181181206e-01 1.445309453395190014e+00
1.191191191191191129e-01 1.451501607787103687e+00
1.201201201201201191e-01 1.439110807490747934e+00
1.211211211211211253e-01 1.435611218413571422e+00
1.221221221221221176e-01 1.444473073639520599e+00
1.231231231231231238e-01 1.446957216900258247e+00
1.241241241241241300e-01 1.439056557584873053e+00
1.251251251251251362e-01 1.447659730590767913e+00
1.261261261261261146e-01 1.447614684564745291e+00
1.271271271271271208e-01 1.448983637540115943e+00
1.281281281281281270e-01 1.445598753352888233e+00
1.291291291291291332e-01 1.435541403757920609e+00
1.301301301301301394e-01 1.446656698710949485e+00
1.311311311311311179e-01 1.443551279638662477e+00
1.321321321321321240e-01 1.440321699891035756e+00
1.331331331331331302e-01 1.444812066666397055e+00
1.341341341341341364e-01 1.442792314775213081e+00
1.351351351351351426e-01 1.442516812004742466e+00
1.361361361361361211e-01 1.441625897374048115e+00
1.371371371371371273e-01 1.448116241621022482e+00
1.381381381381381335e-01 1.441442551314202847e+00
1.391391391391391397e-01 1.435270048162588852e+00
1.401401401401401459e-01 1.441999655783036127e+00
1.411411411411411521e-01 1.440347077795256947e+00
1.421421421421421305e-01 1.446968485455918829e+00
1.431431431431431367e-01 1.451193774175925766e+00
1.441441441441441429e-01 1.448678003263276892e+00
1.451451451451451491e-01 1.442170906626125015e+00
1.461461461461461553e-01 1.453852928096378117e+00
1.471471471471471337e-01 1.450701263072842195e+00
1.481481481481481399e-01 1.449666096686743177e+00
1.491491491491491461e-01 1.449456363698357064e+00
1.501501501501501523e-01 1.453433167690463046e+00
1.511511511511511585e-01 1.446506790214885818e+00
1.521521521521521647e-01 1.440938705401340725e+00
1.531531531531531432e-01 1.450188198501650927e+00
1.541541541541541493e-01 1.453064483311170108e+00
1.551551551551551555e-01 1.441873273189497429e+00
1.561561561561561617e-01 1.449464377221592715e+00
1.571571571571571679e-01 1.452537675390521921e+00
1.581581581581581464e-01 1.451530489496941412e+00
1.591591591591591526e-01 1.453842271129200947e+00
1.601601601601601588e-01 1.453700096453923285e+00
1.611611611611611650e-01 1.451782724221143850e+00
1.621621621621621712e-01 1.453869904835726201e+00
1.631631631631631496e-01 1.455073275420213363e+00
1.641641641641641558e-01 1.461052174026530315e+00
1.651651651651651620e-01 1.458835871763740855e+00
1.661661661661661682e-01 1.462349748433784402e+00
1.671671671671671744e-01 1.462889957666968055e+00
1.681681681681681528e-01 1.463933971571486081e+00
1.691691691691691590e-01 1.458026197211600872e+00
1.701701701701701652e-01 1.463726391989972342e+00
1.711711711711711714e-01 1.457410348989248705e+00
1.721721721721721776e-01 1.463316940921227660e+00
1.731731731731731838e-01 1.472360914573239032e+00
1.741741741741741623e-01 1.470462544825261064e+00
1.751751751751751685e-01 1.471060177557675264e+00
1.761761761761761746e-01 1.478100565077571815e+00
1.771771771771771808e-01 1.473473109254547442e+00
1.781781781781781870e-01 1.479152069687824200e+00
1.791791791791791655e-01 1.496450273630515193e+00
1.801801801801801717e-01 1.502326713338984376e+00
1.811811811811811779e-01 1.511275642279231946e+00
1.821821821821821841e-01 1.521626048820369004e+00
1.831831831831831903e-01 1.534200559264272679e+00
1.841841841841841965e-01 1.559223510716621686e+00
1.851851851851851749e-01 1.600083198064235157e+00
1.861861861861861811e-01 1.665092638743947973e+00
1.871871871871871873e-01 1.762805270520617196e+00
1.881881881881881935e-01 1.954090528040098640e+00
1.891891891891891997e-01 2.245353353525543216e+00
1.901901901901901781e-01 2.387133558395201582e+00
1.911911911911911843e-01 2.386780402015017177e+00
1.921921921921921905e-01 2.368217297785076614e+00
1.931931931931931967e-01 2.089965883983920580e+00
1.941941941941942029e-01 1.844984710978759823e+00
1.951951951951951814e-01 1.716244150468737129e+00
1.961961961961961876e-01 1.635226370529057283e+00
1.971971971971971938e-01 1.584512873148399503e+00
1.981981981981981999e-01 1.562832594663180252e+00
1.991991991991992061e-01 1.544603332467771928e+00
2.002002002002001846e-01 1.525930268982850890e+00
2.012012012012011908e-01 1.512073146060801232e+00
2.022022022022021970e-01 1.505339087044270219e+00
2.032032032032032032e-01 1.498827519472767378e+00
2.042042042042042094e-01 1.495422866388286254e+00
2.052052052052052156e-01 1.486379065975210967e+00
2.062062062062061940e-01 1.482290330230209952e+00
2.072072072072072002e-01 1.480911560481153133e+00
2.082082082082082064e-01 1.479545499978457412e+00
2.092092092092092126e-01 1.477859589939786611e+00
2.102102102102102188e-01 1.483160420781589384e+00
2.112112112112111972e-01 1.484595714943448330e+00
2.122122122122122034e-01 1.476067015266673721e+00
2.132132132132132096e-01 1.471555610670932879e+00
2.142142142142142158e-01 1.474420654542823339e+00
2.152152152152152220e-01 1.481407160729777184e+00
2.162162162162162282e-01 1.472528147980273872e+00
2.172172172172172067e-01 1.480412270088092841e+00
2.182182182182182129e-01 1.474638840172551202e+00
2.192192192192192191e-01 1.491329808999153794e+00
2.202202202202202252e-01 1.474315188338069627e+00
2.212212212212212314e-01 1.485110444592180556e+00
2.222222222222222099e-01 1.479846979572204013e+00
2.232232232232232161e-01 1.485539448193272660e+00
2.242242242242242223e-01 1.485830403840637137e+00
2.252252252252252285e-01 1.485511383093028437e+00
2.262262262262262347e-01 1.484353512534691388e+00
2.272272272272272131e-01 1.491354973392257088e+00
2.282282282282282193e-01 1.498053982393523720e+00
2.292292292292292255e-01 1.496222203975772658e+00
2.302302302302302317e-01 1.514654733861112934e+00
2.312312312312312379e-01 1.508583844252014305e+00
2.322322322322322163e-01 1.526213802666444019e+00
2.332332332332332225e-01 1.544788766625764476e+00
2.342342342342342287e-01 1.550330684846503271e+00
2.352352352352352349e-01 1.584797410362525083e+00
2.362362362362362411e-01 1.616398463289834497e+00
2.372372372372372473e-01 1.674559200011801252e+00
2.382382382382382258e-01 1.766812172843850615e+00
2.392392392392392320e-01 1.920882852265382912e+00
2.402402402402402382e-01 2.179974634619329610e+00
2.412412412412412444e-01 2.408611526610755060e+00
2.422422422422422505e-01 2.418403699277250407e+00
2.432432432432432290e-01 2.408638295582044897e+00
2.442442442442442352e-01 2.273598721674695788e+00
2.452452452452452414e-01 1.997662249523660671e+00
2.462462462462462476e-01 1.804683084002206783e+00
2.472472472472472538e-01 1.699476066139005814e+00
2.482482482482482600e-01 1.634625638929917635e+00
2.492492492492492384e-01 1.596132394412397959e+00
2.502502502502502724e-01 1.568585435266159456e+00
2.512512512512512508e-01 1.547522804487581727e+00
2.522522522522522292e-01 1.533270076114673808e+00
2.532532532532532632e-01 1.517988656016938442e+00
2.542542542542542416e-01 1.507979953296870290e+00
2.552552552552552756e-01 1.513331755027486514e+00
2.562562562562562540e-01 1.507933808885497218e+00
2.572572572572572325e-01 1.502245054348420927e+00
2.582582582582582664e-01 1.493327924390366102e+00
2.592592592592592449e-01 1.499540054054620652e+00
2.602602602602602788e-01 1.495396415371073484e+00
2.612612612612612573e-01 1.495607345367988117e+00
2.622622622622622357e-01 1.497874977429529464e+00
2.632632632632632697e-01 1.489676701183737517e+00
2.642642642642642481e-01 1.492195993703296253e+00
2.652652652652652820e-01 1.495666959322974554e+00
2.662662662662662605e-01 1.489498657313756524e+00
2.672672672672672389e-01 1.485997232345415142e+00
2.682682682682682729e-01 1.481791117070941688e+00
2.692692692692692513e-01 1.483398688783022390e+00
2.702702702702702853e-01 1.481727904178134603e+00
2.712712712712712637e-01 1.475902554492809937e+00
2.722722722722722422e-01 1.488440852916392831e+00
2.732732732732732761e-01 1.484416865142641040e+00
2.742742742742742545e-01 1.484399437159001023e+00
2.752752752752752885e-01 1.476297823649967755e+00
2.762762762762762669e-01 1.480822963285177485e+00
2.772772772772773009e-01 1.481170923187922428e+00
2.782782782782782793e-01 1.471395010385677882e+00
2.792792792792792578e-01 1.477229687112563861e+00
2.802802802802802917e-01 1.478162474658957448e+00
2.812812812812812702e-01 1.474136955041451147e+00
2.822822822822823041e-01 1.479440308904307777e+00
2.832832832832832826e-01 1.472427387224682693e+00
2.842842842842842610e-01 1.472877003538612062e+00
2.852852852852852950e-01 1.479024825114796382e+00
2.862862862862862734e-01 1.466438760333540703e+00
2.872872872872873073e-01 1.463454339942391158e+00
2.882882882882882858e-01 1.459794216465422068e+00
2.892892892892892642e-01 1.463151046683846879e+00
2.902902902902902982e-01 1.453808528082688234e+00
2.912912912912912766e-01 1.448434490100053651e+00
2.922922922922923106e-01 1.441471193085876790e+00
2.932932932932932890e-01 1.444856898807804324e+00
2.942942942942942675e-01 1.426001551843310011e+00
2.952952952952953014e-01 1.419713739349589998e+00
2.962962962962962798e-01 1.398711742733745877e+00
2.972972972972973138e-01 1.380130239567900485e+00
2.982982982982982922e-01 1.359351586282235846e+00
2.992992992992992707e-01 1.313759560739153454e+00
3.003003003003003046e-01 1.253508343545933323e+00
3.013013013013012831e-01 1.175831490171656002e+00
3.023023023023023170e-01 1.059344624517923883e+00
3.033033033033032955e-01 9.043666896449311654e-01
3.043043043043043294e-01 8.182776251991719096e-01
3.053053053053053079e-01 8.181396823474389457e-01
3.063063063063062863e-01 8.170971049356765548e-01
3.073073073073073203e-01 8.175956676492710518e-01
3.083083083083082987e-01 8.645241217688812707e-01
3.093093093093093326e-01 1.011222475686171851e+00
3.103103103103103111e-01 1.135726443606778879e+00
3.113113113113112895e-01 1.230049986864386158e+00
3.123123123123123235e-01 1.298000149130198455e+00
3.133133133133133019e-01 1.340243013078911805e+00
3.143143143143143359e-01 1.378260651287879224e+00
3.153153153153153143e-01 1.402963468323290774e+00
3.163163163163162928e-01 1.419370864430290924e+00
3.173173173173173267e-01 1.434497216432240041e+00
3.183183183183183051e-01 1.454440566798461454e+00
3.193193193193193391e-01 1.463035476749576347e+00
3.203203203203203175e-01 1.466741553768479367e+00
3.213213213213212960e-01 1.474095300702326750e+00
3.223223223223223299e-01 1.474454485536894177e+00
3.233233233233233084e-01 1.485650015235519206e+00
3.243243243243243423e-01 1.484562140541679787e+00
3.253253253253253208e-01 1.496492187497732385e+00
3.263263263263262992e-01 1.491672693053444965e+00
3.273273273273273332e-01 1.490269600116507664e+00
3.283283283283283116e-01 1.494426443045785424e+00
3.293293293293293456e-01 1.501188155463954788e+00
3.303303303303303240e-01 1.499087065160784382e+00
3.313313313313313024e-01 1.499467066207562427e+00
3.323323323323323364e-01 1.501208990176565283e+00
3.333333333333333148e-01 1.502685414694574062e+00
3.343343343343343488e-01 1.505201143612598713e+00
3.353353353353353272e-01 1.506683490613510257e+00
3.363363363363363057e-01 1.507496216692660207e+00
3.373373373373373396e-01 1.501734907579911349e+00
3.383383383383383181e-01 1.508274715971385183e+00
3.393393393393393520e-01 1.511889150911214896e+00
3.403403403403403304e-01 1.515408505282876073e+00
3.413413413413413644e-01 1.511038068576489923e+00
3.423423423423423428e-01 1.513632392494519197e+00
3.433433433433433213e-01 1.515209895626647540e+00
3.443443443443443552e-01 1.527553126131769856e+00
3.453453453453453337e-01 1.527677319635190267e+00
3.463463463463463676e-01 1.528251485761246808e+00
3.473473473473473461e-01 1.520330000717703633e+00
3.483483483483483245e-01 1.519964897736590714e+00
3.493493493493493585e-01 1.512329752168329211e+00
3.503503503503503369e-01 1.520649732905362317e+00
3.513513513513513709e-01 1.526200548178668237e+00
3.523523523523523493e-01 1.523106719019972521e+00
3.533533533533533277e-01 1.521592622682477636e+00
3.543543543543543617e-01 1.522680868819793032e+00
3.553553553553553401e-01 1.525330205698934627e+00
3.563563563563563741e-01 1.526835055979004041e+00
3.573573573573573525e-01 1.526885161182933270e+00
3.583583583583583310e-01 1.527699594150385476e+00
3.593593593593593649e-01 1.532513881810726897e+00
3.603603603603603434e-01 1.533310312768274786e+00
3.613613613613613773e-01 1.536952314046742929e+00
3.623623623623623557e-01 1.532675883718210397e+00
3.633633633633633342e-01 1.533249704592077434e+00
3.643643643643643681e-01 1.534382186567832873e+00
3.653653653653653466e-01 1.531588105280587975e+00
3.663663663663663805e-01 1.535771066026788700e+00
3.673673673673673590e-01 1.535084407578755084e+00
3.683683683683683929e-01 1.530112288054782166e+00
3.693693693693693714e-01 1.537285969090535387e+00
3.703703703703703498e-01 1.536736375349614381e+00
3.713713713713713838e-01 1.540362979792620157e+00
3.723723723723723622e-01 1.531104926816951872e+00
3.733733733733733962e-01 1.537637652487712003e+00
3.743743743743743746e-01 1.543408769152310178e+00
3.753753753753753530e-01 1.540238253139526670e+00
3.763763763763763870e-01 1.547459196699697337e+00
3.773773773773773654e-01 1.537434087850358511e+00
3.783783783783783994e-01 1.541922968294892948e+00
3.793793793793793778e-01 1.542723933779271084e+00
3.803803803803803563e-01 1.545509518274251759e+00
3.813813813813813902e-01 1.544267720084071760e+00
3.823823823823823687e-01 1.535646944435509864e+00
3.833833833833834026e-01 1.546600847707572557e+00
3.843843843843843811e-01 1.544979675904293748e+00
3.853853853853853595e-01 1.546021295789237193e+00
3.863863863863863934e-01 1.553793540634688997e+00
3.873873873873873719e-01 1.553703005945183513e+00
3.883883883883884058e-01 1.548584961523242765e+00
3.893893893893893843e-01 1.553930040992074879e+00
3.903903903903903627e-01 1.561832913758800290e+00
3.913913913913913967e-01 1.558254858509295460e+00
3.923923923923923751e-01 1.558164969340130268e+00
3.933933933933934091e-01 1.553094192809019169e+00
3.943943943943943875e-01 1.550775769926360459e+00
3.953953953953953659e-01 1.554565569363394628e+00
3.963963963963963999e-01 1.564177285184353838e+00
3.973973973973973783e-01 1.545608857530308855e+00
3.983983983983984123e-01 1.555380116045753880e+00
3.993993993993993907e-01 1.559423390870634973e+00
4.004004004004003692e-01 1.555161345810092355e+00
4.014014014014014031e-01 1.561171231851984809e+00
4.024024024024023816e-01 1.567699352219042330e+00
4.034034034034034155e-01 1.565755669575047859e+00
4.044044044044043940e-01 1.562171866537559239e+00
4.054054054054054279e-01 1.561315608062572746e+00
4.064064064064064064e-01 1.563882318764857615e+00
4.074074074074073848e-01 1.559277776912300517e+00
4.084084084084084187e-01 1.565522336384292501e+00
4.094094094094093972e-01 1.565612141423283532e+00
4.104104104104104311e-01 1.559614014124060422e+00
4.114114114114114096e-01 1.565565062657976902e+00
4.124124124124123880e-01 1.567106019157515462e+00
4.134134134134134220e-01 1.578783615018655162e+00
4.144144144144144004e-01 1.574742205617974067e+00
4.154154154154154344e-01 1.573287524558905526e+00
4.164164164164164128e-01 1.574915351204061675e+00
4.174174174174173912e-01 1.576978698083150832e+00
4.184184184184184252e-01 1.567954662939980315e+00
4.194194194194194036e-01 1.577723616222430625e+00
4.204204204204204376e-01 1.575983316907282550e+00
4.214214214214214160e-01 1.573606286853848735e+00
4.224224224224223945e-01 1.580914214334000700e+00
4.234234234234234284e-01 1.577044432988229827e+00
4.244244244244244069e-01 1.586840769350016389e+00
4.254254254254254408e-01 1.582395996771926994e+00
4.264264264264264193e-01 1.587209983093518018e+00
4.274274274274273977e-01 1.589498806692824395e+00
4.284284284284284317e-01 1.593048118705649108e+00
4.294294294294294101e-01 1.591194537454938329e+00
4.304304304304304440e-01 1.591990354087853055e+00
4.314314314314314225e-01 1.591131251338793851e+00
4.324324324324324564e-01 1.601539323224880906e+00
4.334334334334334349e-01 1.596743998807332643e+00
4.344344344344344133e-01 1.599835134918879520e+00
4.354354354354354473e-01 1.602785362159873106e+00
4.364364364364364257e-01 1.610260629736580906e+00
4.374374374374374597e-01 1.605480875736602142e+00
4.384384384384384381e-01 1.615649967923747266e+00
4.394394394394394165e-01 1.627031193550913857e+00
4.404404404404404505e-01 1.644265359551783767e+00
4.414414414414414289e-01 1.639511250940299592e+00
4.424424424424424629e-01 1.652269116856293518e+00
4.434434434434434413e-01 1.664115824660556964e+00
4.444444444444444198e-01 1.681670698682310228e+00
4.454454454454454537e-01 1.702645247980401289e+00
4.464464464464464322e-01 1.730734729452239495e+00
4.474474474474474661e-01 1.772921561131284074e+00
4.484484484484484446e-01 1.826209359721912895e+00
4.494494494494494230e-01 1.922990167433266118e+00
4.504504504504504570e-01 2.048717988208593521e+00
4.514514514514514354e-01 2.215844017679939881e+00
4.524524524524524693e-01 2.283523054842578226e+00
4.534534534534534478e-01 2.288148333341447849e+00
4.544544544544544262e-01 2.295661863752862963e+00
4.554554554554554602e-01 2.285997141748420169e+00
4.564564564564564386e-01 2.189531995139678333e+00
4.574574574574574726e-01 2.033251755483683088e+00
4.584584584584584510e-01 1.915460419100842637e+00
4.594594594594594295e-01 1.825256132789467411e+00
4.604604604604604634e-01 1.785929766351970649e+00
4.614614614614614418e-01 1.732481772095854300e+00
4.624624624624624758e-01 1.709378699275847291e+00
4.634634634634634542e-01 1.689431834720950709e+00
4.644644644644644327e-01 1.669841497796382468e+00
4.654654654654654666e-01 1.661285483591903311e+00
4.664664664664664451e-01 1.652107594539690361e+00
4.674674674674674790e-01 1.649188596794608497e+00
4.684684684684684575e-01 1.651236109943108987e+00
4.694694694694694914e-01 1.640813690464814512e+00
4.704704704704704699e-01 1.638221519014750438e+00
4.714714714714714483e-01 1.644692055184868273e+00
4.724724724724724823e-01 1.643763603191248590e+00
4.734734734734734607e-01 1.642566128170985795e+00
4.744744744744744946e-01 1.649152469682426458e+00
4.754754754754754731e-01 1.628215632818799552e+00
4.764764764764764515e-01 1.625210140816313320e+00
4.774774774774774855e-01 1.632589112012368116e+00
4.784784784784784639e-01 1.624285634282377044e+00
4.794794794794794979e-01 1.629897238773322377e+00
4.804804804804804763e-01 1.630212406341198017e+00
4.814814814814814548e-01 1.635129857784891616e+00
4.824824824824824887e-01 1.635994327626188571e+00
4.834834834834834671e-01 1.625346613072921720e+00
4.844844844844845011e-01 1.627309861435245475e+00
4.854854854854854795e-01 1.631312653093434095e+00
4.864864864864864580e-01 1.632238389471884155e+00
4.874874874874874919e-01 1.630950689624163452e+00
4.884884884884884704e-01 1.628209513475908254e+00
4.894894894894895043e-01 1.629708833818596103e+00
4.904904904904904828e-01 1.640041321257798002e+00
4.914914914914914612e-01 1.634869319383132291e+00
4.924924924924924952e-01 1.635713764503628598e+00
4.934934934934934736e-01 1.634957061431415948e+00
4.944944944944945076e-01 1.630316678970718858e+00
4.954954954954954860e-01 1.637293960419818228e+00
4.964964964964965199e-01 1.634042015896297384e+00
4.974974974974974984e-01 1.636427978993792776e+00
4.984984984984984768e-01 1.635843420640245682e+00
4.994994994994995108e-01 1.646271797739582210e+00
5.005005005005005447e-01 1.638175866166381667e+00
5.015015015015015232e-01 1.636456571417916006e+00
5.025025025025025016e-01 1.645856959275900477e+00
5.035035035035034801e-01 1.644315411900637347e+00
5.045045045045044585e-01 1.648143864791516089e+00
5.055055055055055480e-01 1.640654747122897161e+00
5.065065065065065264e-01 1.641657121185463586e+00
5.075075075075075048e-01 1.646277861540728749e+00
5.085085085085084833e-01 1.639391274541706744e+00
5.095095095095094617e-01 1.642998746603806071e+00
5.105105105105105512e-01 1.650281180180281471e+00
5.115115115115115296e-01 1.646411750424748188e+00
5.125125125125125081e-01 1.646596421315721814e+00
5.135135135135134865e-01 1.648457073695148267e+00
5.145145145145144649e-01 1.645321681589814844e+00
5.155155155155155544e-01 1.655138914889313861e+00
5.165165165165165329e-01 1.652490221596368603e+00
5.175175175175175113e-01 1.645281455917781743e+00
5.185185185185184897e-01 1.663315952630587846e+00
5.195195195195194682e-01 1.647871298977715560e+00
5.205205205205205576e-01 1.654678014674077602e+00
5.215215215215215361e-01 1.659024619039690895e+00
5.225225225225225145e-01 1.656200647487632960e+00
5.235235235235234930e-01 1.647702210978288173e+00
5.245245245245244714e-01 1.656903693895190433e+00
5.255255255255255609e-01 1.661635126938943552e+00
5.265265265265265393e-01 1.666340609908895098e+00
5.275275275275275177e-01 1.660016122812453476e+00
5.285285285285284962e-01 1.656350279279528159e+00
5.295295295295294746e-01 1.660642075905707671e+00
5.305305305305305641e-01 1.659017335264693749e+00
5.315315315315315425e-01 1.666256932347935482e+00
5.325325325325325210e-01 1.666432984837609599e+00
5.335335335335334994e-01 1.668038955803641921e+00
5.345345345345344779e-01 1.672570881792721620e+00
5.355355355355355673e-01 1.675615061455758115e+00
5.365365365365365458e-01 1.678571273198637970e+00
5.375375375375375242e-01 1.667449507052831237e+00
5.385385385385385026e-01 1.671904315830102572e+00
5.395395395395394811e-01 1.670532448225458877e+00
5.405405405405405705e-01 1.670306082468228759e+00
5.415415415415415490e-01 1.666525613392986660e+00
5.425425425425425274e-01 1.675055500907298267e+00
5.435435435435435059e-01 1.679896987116043627e+00
5.445445445445444843e-01 1.681920094343895000e+00
5.455455455455455738e-01 1.681393792500956330e+00
5.465465465465465522e-01 1.681515343607019153e+00
5.475475475475475307e-01 1.676352061045599529e+00
5.485485485485485091e-01 1.678201673052633236e+00
5.495495495495495986e-01 1.681960526200428907e+00
5.505505505505505770e-01 1.678189325892819772e+00
5.515515515515515554e-01 1.687502515405723269e+00
5.525525525525525339e-01 1.685927667199309754e+00
5.535535535535535123e-01 1.679260311027283237e+00
5.545545545545546018e-01 1.679197271603327657e+00
5.555555555555555802e-01 1.691856486940588100e+00
5.565565565565565587e-01 1.692417256297156447e+00
5.575575575575575371e-01 1.692988609077750395e+00
5.585585585585585155e-01 1.688280313278301525e+00
5.595595595595596050e-01 1.695216643810673940e+00
5.605605605605605835e-01 1.695132035336672560e+00
5.615615615615615619e-01 1.699530155977233337e+00
5.625625625625625403e-01 1.689853956239772748e+00
5.635635635635635188e-01 1.701245053994073997e+00
5.645645645645646082e-01 1.699197607508788899e+00
5.655655655655655867e-01 1.703104765371816987e+00
5.665665665665665651e-01 1.692922737805120814e+00
5.675675675675675436e-01 1.699591729454583255e+00
5.685685685685685220e-01 1.698693474227720213e+00
5.695695695695696115e-01 1.703931374357482653e+00
5.705705705705705899e-01 1.696614519801157073e+00
5.715715715715715683e-01 1.698974279818188604e+00
5.725725725725725468e-01 1.697678946270047451e+00
5.735735735735735252e-01 1.705703111535417094e+00
5.745745745745746147e-01 1.707529171478148644e+00
5.755755755755755931e-01 1.696398852809136715e+00
5.765765765765765716e-01 1.707313055192793971e+00
5.775775775775775500e-01 1.709113958195682903e+00
5.785785785785785285e-01 1.707586923544048840e+00
5.795795795795796179e-01 1.716867243542130606e+00
5.805805805805805964e-01 1.720504489697687767e+00
5.815815815815815748e-01 1.705745507123461735e+00
5.825825825825825532e-01 1.704134502238664695e+00
5.835835835835835317e-01 1.706277415673032927e+00
5.845845845845846211e-01 1.705390773845117502e+00
5.855855855855855996e-01 1.708547632774378711e+00
5.865865865865865780e-01 1.718054162136598340e+00
5.875875875875875565e-01 1.715930287282374733e+00
5.885885885885885349e-01 1.708092175113239852e+00
5.895895895895896244e-01 1.712825782855271317e+00
5.905905905905906028e-01 1.710936653769079330e+00
5.915915915915915813e-01 1.713135323502127161e+00
5.925925925925925597e-01 1.719091378883836452e+00
5.935935935935935381e-01 1.712096509904097230e+00
5.945945945945946276e-01 1.716408207489708682e+00
5.955955955955956060e-01 1.714728427093719310e+00
5.965965965965965845e-01 1.717250820280157741e+00
5.975975975975975629e-01 1.720390619911306596e+00
5.985985985985985414e-01 1.714892643709441167e+00
5.995995995995996308e-01 1.719583134697636462e+00
6.006006006006006093e-01 1.713417080984811713e+00
6.016016016016015877e-01 1.716836102179871038e+00
6.026026026026025662e-01 1.709300603416086917e+00
6.036036036036035446e-01 1.713678535967318561e+00
6.046046046046046341e-01 1.714716478577033909e+00
6.056056056056056125e-01 1.714976800363818388e+00
6.066066066066065909e-01 1.708867544266814198e+00
6.076076076076075694e-01 1.707102046195491996e+00
6.086086086086086588e-01 1.701510969764183701e+00
6.096096096096096373e-01 1.695527806081101874e+00
6.106106106106106157e-01 1.698649083643396063e+00
6.116116116116115942e-01 1.685892322249627373e+00
6.126126126126125726e-01 1.676027421591495647e+00
6.136136136136136621e-01 1.679535704773177374e+00
6.146146146146146405e-01 1.664287181769420476e+00
6.156156156156156189e-01 1.649848487388686502e+00
6.166166166166165974e-01 1.629166898108251882e+00
6.176176176176175758e-01 1.613089811957630015e+00
6.186186186186186653e-01 1.570953540182191022e+00
6.196196196196196437e-01 1.525267619588609680e+00
6.206206206206206222e-01 1.462156193802041981e+00
6.216216216216216006e-01 1.366317047538644580e+00
6.226226226226225791e-01 1.244237605339705954e+00
6.236236236236236685e-01 1.071412680865572176e+00
6.246246246246246470e-01 9.224309674594100006e-01
6.256256256256256254e-01 9.062417790052265110e-01
6.266266266266266038e-01 9.012387080125914274e-01
6.276276276276275823e-01 9.049474755474137266e-01
6.286286286286286717e-01 9.215367174645561210e-01
6.296296296296296502e-01 1.046785853601053029e+00
6.306306306306306286e-01 1.219951387116425812e+00
6.316316316316316071e-01 1.362934306004329965e+00
6.326326326326325855e-01 1.463145961804299899e+00
6.336336336336336750e-01 1.537924574869927286e+00
6.346346346346346534e-01 1.580941910461136857e+00
6.356356356356356319e-01 1.623565211274273778e+00
6.366366366366366103e-01 1.647201759309900870e+00
6.376376376376375887e-01 1.668462482955861192e+00
6.386386386386386782e-01 1.693166370831531875e+00
6.396396396396396566e-01 1.707889059892914618e+00
6.406406406406406351e-01 1.719580808493863522e+00
6.416416416416416135e-01 1.727531235121682274e+00
6.426426426426425920e-01 1.731720847125745033e+00
6.436436436436436814e-01 1.738372982553366031e+00
6.446446446446446599e-01 1.738160098566115641e+00
6.456456456456456383e-01 1.752637456120016646e+00
6.466466466466466168e-01 1.750582921484060916e+00
6.476476476476475952e-01 1.753607849972220301e+00
6.486486486486486847e-01 1.769424382215046831e+00
6.496496496496496631e-01 1.770485642667240622e+00
6.506506506506506415e-01 1.760396280508339961e+00
6.516516516516516200e-01 1.776918659675173817e+00
6.526526526526525984e-01 1.779169403109819303e+00
6.536536536536536879e-01 1.776343511927861885e+00
6.546546546546546663e-01 1.786878376868740625e+00
6.556556556556556448e-01 1.776814467556763866e+00
6.566566566566566232e-01 1.783461909866358441e+00
6.576576576576576016e-01 1.781270903111308757e+00
6.586586586586586911e-01 1.783360943561029366e+00
6.596596596596596696e-01 1.790070212266205996e+00
6.606606606606606480e-01 1.789485348286374844e+00
6.616616616616616264e-01 1.790025875187443605e+00
6.626626626626626049e-01 1.790812976470911089e+00
6.636636636636636943e-01 1.788802800078316269e+00
6.646646646646646728e-01 1.804368152647243484e+00
6.656656656656656512e-01 1.809014884704787551e+00
6.666666666666666297e-01 1.810554674044296597e+00
6.676676676676676081e-01 1.814157277826435211e+00
6.686686686686686976e-01 1.803359838075611510e+00
6.696696696696696760e-01 1.804576713272278976e+00
6.706706706706706544e-01 1.813414303423232621e+00
6.716716716716716329e-01 1.805979725737219876e+00
6.726726726726726113e-01 1.816235023835906182e+00
6.736736736736737008e-01 1.814509532225233812e+00
6.746746746746746792e-01 1.830561489938885789e+00
6.756756756756756577e-01 1.817240232402347777e+00
6.766766766766766361e-01 1.819933692929870839e+00
6.776776776776777256e-01 1.826269951556422688e+00
6.786786786786787040e-01 1.815764481410531594e+00
6.796796796796796825e-01 1.823446315640544713e+00
6.806806806806806609e-01 1.825430604772911192e+00
6.816816816816816393e-01 1.827523671652768966e+00
6.826826826826827288e-01 1.835228381628007055e+00
6.836836836836837072e-01 1.829203073074114672e+00
6.846846846846846857e-01 1.833873774836173975e+00
6.856856856856856641e-01 1.830035403026234242e+00
6.866866866866866426e-01 1.831109852258434589e+00
6.876876876876877320e-01 1.833929334176884973e+00
6.886886886886887105e-01 1.839094736900819038e+00
6.896896896896896889e-01 1.840198647823736433e+00
6.906906906906906674e-01 1.840835942343193699e+00
6.916916916916916458e-01 1.839228199846660861e+00
6.926926926926927353e-01 1.838069907072017894e+00
6.936936936936937137e-01 1.840005631477225068e+00
6.946946946946946921e-01 1.844897219227340956e+00
6.956956956956956706e-01 1.846439081216559197e+00
6.966966966966966490e-01 1.853737539292143133e+00
6.976976976976977385e-01 1.845839790194292007e+00
6.986986986986987169e-01 1.845486713581937499e+00
6.996996996996996954e-01 1.853230708739370680e+00
7.007007007007006738e-01 1.852083122745531663e+00
7.017017017017016522e-01 1.850608594674302942e+00
7.027027027027027417e-01 1.847474951105560148e+00
7.037037037037037202e-01 1.860231598881305404e+00
7.047047047047046986e-01 1.857630288214985992e+00
7.057057057057056770e-01 1.856041991854644913e+00
7.067067067067066555e-01 1.866393797957066170e+00
7.077077077077077449e-01 1.861961835613102689e+00
7.087087087087087234e-01 1.853765577404227205e+00
7.097097097097097018e-01 1.859439502548907885e+00
7.107107107107106803e-01 1.870122751148129092e+00
7.117117117117116587e-01 1.867379717536141071e+00
7.127127127127127482e-01 1.868804580206809840e+00
7.137137137137137266e-01 1.869396778987270968e+00
7.147147147147147050e-01 1.863293949693955787e+00
7.157157157157156835e-01 1.869766024229193802e+00
7.167167167167166619e-01 1.876070369825799222e+00
7.177177177177177514e-01 1.875264386122970972e+00
7.187187187187187298e-01 1.883214856469524134e+00
7.197197197197197083e-01 1.877131252834795427e+00
7.207207207207206867e-01 1.876416745237848405e+00
7.217217217217216652e-01 1.880152644688576791e+00
7.227227227227227546e-01 1.881762011511125987e+00
7.237237237237237331e-01 1.884514610277192803e+00
7.247247247247247115e-01 1.889193463830492803e+00
7.257257257257256899e-01 1.888944211217977953e+00
7.267267267267266684e-01 1.886974717122534395e+00
7.277277277277277578e-01 1.882710616859040842e+00
7.287287287287287363e-01 1.880679687233236086e+00
7.297297297297297147e-01 1.889667572506510407e+00
7.307307307307306932e-01 1.884645000768967682e+00
7.317317317317316716e-01 1.887934084550030089e+00
7.327327327327327611e-01 1.886880568240645761e+00
7.337337337337337395e-01 1.901175017834916270e+00
7.347347347347347180e-01 1.891495604550033960e+00
7.357357357357356964e-01 1.892476454065130209e+00
7.367367367367367859e-01 1.900457818801226439e+00
7.377377377377377643e-01 1.892868524574178535e+00
7.387387387387387427e-01 1.900799721299474276e+00
7.397397397397397212e-01 1.905701379948413043e+00
7.407407407407406996e-01 1.904557192275784905e+00
7.417417417417417891e-01 1.907571395891098032e+00
7.427427427427427675e-01 1.909896016565447718e+00
7.437437437437437460e-01 1.913438711174342721e+00
7.447447447447447244e-01 1.912475546946369898e+00
7.457457457457457028e-01 1.915953007670659236e+00
7.467467467467467923e-01 1.912753148708292050e+00
7.477477477477477708e-01 1.924018894274549751e+00
7.487487487487487492e-01 1.921421090489228600e+00
7.497497497497497276e-01 1.917075408451602847e+00
7.507507507507507061e-01 1.923642201963047693e+00
7.517517517517517955e-01 1.924654003903010224e+00
7.527527527527527740e-01 1.920386117904884005e+00
7.537537537537537524e-01 1.920022711803619053e+00
7.547547547547547309e-01 1.937388896382586934e+00
7.557557557557557093e-01 1.929272378521599718e+00
7.567567567567567988e-01 1.932117448351662325e+00
7.577577577577577772e-01 1.926833026852099673e+00
7.587587587587587556e-01 1.933331223810383914e+00
7.597597597597597341e-01 1.931058580648620016e+00
7.607607607607607125e-01 1.936934116603509448e+00
7.617617617617618020e-01 1.932993609791991974e+00
7.627627627627627804e-01 1.938690278934211308e+00
7.637637637637637589e-01 1.946439921155859176e+00
7.647647647647647373e-01 1.944306917932481893e+00
7.657657657657657158e-01 1.942342642362049121e+00
7.667667667667668052e-01 1.945753023864333242e+00
7.677677677677677837e-01 1.940153439523784051e+00
7.687687687687687621e-01 1.939521024434568419e+00
7.697697697697697405e-01 1.945656624991599193e+00
7.707707707707707190e-01 1.944606550762733699e+00
7.717717717717718084e-01 1.944193353481795672e+00
7.727727727727727869e-01 1.949341471598937003e+00
7.737737737737737653e-01 1.940178375303001745e+00
7.747747747747747438e-01 1.955419061148453208e+00
7.757757757757757222e-01 1.948158034459448462e+00
7.767767767767768117e-01 1.959362364133138801e+00
7.777777777777777901e-01 1.963270310484197978e+00
7.787787787787787686e-01 1.963417917068777108e+00
7.797797797797797470e-01 1.954814351415975482e+00
7.807807807807807254e-01 1.964211328987840233e+00
7.817817817817818149e-01 1.964728882373717234e+00
7.827827827827827933e-01 1.965023272946229360e+00
7.837837837837837718e-01 1.968993857489260257e+00
7.847847847847847502e-01 1.971493884872900892e+00
7.857857857857857287e-01 1.975369922561359237e+00
7.867867867867868181e-01 1.975658449791413140e+00
7.877877877877877966e-01 1.969705679379174068e+00
7.887887887887887750e-01 1.969954435194707143e+00
7.897897897897897534e-01 1.979809413890191383e+00
7.907907907907907319e-01 1.982393936364049036e+00
7.917917917917918214e-01 1.983240403751291181e+00
7.927927927927927998e-01 1.983580940345115895e+00
7.937937937937937782e-01 1.982143904902356812e+00
7.947947947947947567e-01 1.992818989462604051e+00
7.957957957957957351e-01 1.991178249696970326e+00
7.967967967967968246e-01 1.989136700882019992e+00
7.977977977977978030e-01 1.993182725431246194e+00
7.987987987987987815e-01 1.991353513468437253e+00
7.997997997997997599e-01 1.998117007353081842e+00
8.008008008008007383e-01 1.995438750186410148e+00
8.018018018018018278e-01 1.994403439354040630e+00
8.028028028028028062e-01 2.002250222919509159e+00
8.038038038038037847e-01 2.002272691899497303e+00
8.048048048048047631e-01 2.000022767031181203e+00
8.058058058058058526e-01 2.005499410440304775e+00
8.068068068068068310e-01 2.011513327166401854e+00
8.078078078078078095e-01 2.006198493064533572e+00
8.088088088088087879e-01 2.012494269090365773e+00
8.098098098098097664e-01 2.018237528092468924e+00
8.108108108108108558e-01 2.009949979986796365e+00
8.118118118118118343e-01 2.020118486360794829e+00
8.128128128128128127e-01 2.017240500601677144e+00
8.138138138138137911e-01 2.024215676206412073e+00
8.148148148148147696e-01 2.036212394842991102e+00
8.158158158158158590e-01 2.027561088387378252e+00
8.168168168168168375e-01 2.035596779325782535e+00
8.178178178178178159e-01 2.042896637908655055e+00
8.188188188188187944e-01 2.051258506577962049e+00
8.198198198198197728e-01 2.042358639111538476e+00
8.208208208208208623e-01 2.052163221960830786e+00
8.218218218218218407e-01 2.057834339236913390e+00
8.228228228228228192e-01 2.062829170955401192e+00
8.238238238238237976e-01 2.071274392849432822e+00
8.248248248248247760e-01 2.060474900361757289e+00
8.258258258258258655e-01 2.090695697211711668e+00
8.268268268268268439e-01 2.102162400613260651e+00
8.278278278278278224e-01 2.125245828226223654e+00
8.288288288288288008e-01 2.144967974708144265e+00
8.298298298298297793e-01 2.181259756920419957e+00
8.308308308308308687e-01 2.221260309240464359e+00
8.318318318318318472e-01 2.291322042183799201e+00
8.328328328328328256e-01 2.400175174060416694e+00
8.338338338338338041e-01 2.570658867359926436e+00
8.348348348348347825e-01 2.768057385303376972e+00
8.358358358358358720e-01 2.846481795828748496e+00
8.368368368368368504e-01 2.839021968456430844e+00
8.378378378378378288e-01 2.848738529080429682e+00
8.388388388388388073e-01 2.780233169894824830e+00
8.398398398398397857e-01 2.584556077821348552e+00
8.408408408408408752e-01 2.424221458946657304e+00
8.418418418418418536e-01 2.305255675042553243e+00
8.428428428428428321e-01 2.247905115927331110e+00
8.438438438438438105e-01 2.199909324504686570e+00
8.448448448448447889e-01 2.174690146972140248e+00
8.458458458458458784e-01 2.152006703603788651e+00
8.468468468468468568e-01 2.136558330942268213e+00
8.478478478478478353e-01 2.129551448176370432e+00
8.488488488488488137e-01 2.122295989260976956e+00
8.498498498498497922e-01 2.114749551168090491e+00
8.508508508508508816e-01 2.106034853724755518e+00
8.518518518518518601e-01 2.104543816982513693e+00
8.528528528528528385e-01 2.101886180839665386e+00
8.538538538538538170e-01 2.107616302957536991e+00
8.548548548548547954e-01 2.100132067490157350e+00
8.558558558558558849e-01 2.099896132213037170e+00
8.568568568568568633e-01 2.101681964924494661e+00
8.578578578578578417e-01 2.105979678201811645e+00
8.588588588588588202e-01 2.108776864089562331e+00
8.598598598598597986e-01 2.099710487808998494e+00
8.608608608608608881e-01 2.100739867733049326e+00
8.618618618618618665e-01 2.112527228029041915e+00
8.628628628628628450e-01 2.106211149001933514e+00
8.638638638638638234e-01 2.111037475430753929e+00
8.648648648648649129e-01 2.117711751249651719e+00
8.658658658658658913e-01 2.130129784893451284e+00
8.668668668668668698e-01 2.123682252828466677e+00
8.678678678678678482e-01 2.120692636013413956e+00
8.688688688688688266e-01 2.125067748879692964e+00
8.698698698698699161e-01 2.130667244113749970e+00
8.708708708708708945e-01 2.134342100498838324e+00
8.718718718718718730e-01 2.142853385039723779e+00
8.728728728728728514e-01 2.143383706331351668e+00
8.738738738738738299e-01 2.163007214228326092e+00
8.748748748748749193e-01 2.171700875277817300e+00
8.758758758758758978e-01 2.176468585097602215e+00
8.768768768768768762e-01 2.195410106388545390e+00
8.778778778778778547e-01 2.201702009412761729e+00
8.788788788788788331e-01 2.229899987587535382e+00
8.798798798798799226e-01 2.252366392344774759e+00
8.808808808808809010e-01 2.288971393825402600e+00
8.818818818818818794e-01 2.352816519666560247e+00
8.828828828828828579e-01 2.454723958667382355e+00
8.838838838838838363e-01 2.595039293191415020e+00
8.848848848848849258e-01 2.801949836831794993e+00
8.858858858858859042e-01 2.967560698832974353e+00
8.868868868868868827e-01 2.967969563793098065e+00
8.878878878878878611e-01 2.963536152402644230e+00
8.888888888888888395e-01 2.962123819582199502e+00
8.898898898898899290e-01 2.806544282919092748e+00
8.908908908908909074e-01 2.615305659200834132e+00
8.918918918918918859e-01 2.480468437456432529e+00
8.928928928928928643e-01 2.380870372276623570e+00
8.938938938938938428e-01 2.321894246263990880e+00
8.948948948948949322e-01 2.278392197377480777e+00
8.958958958958959107e-01 2.252382868760497647e+00
8.968968968968968891e-01 2.224832348262092196e+00
8.978978978978978676e-01 2.227563493759751712e+00
8.988988988988988460e-01 2.200500459830058819e+00
8.998998998998999355e-01 2.200788883813943997e+00
9.009009009009009139e-01 2.196272802943676439e+00
9.019019019019018923e-01 2.187000516916233206e+00
9.029029029029028708e-01 2.190207873213042777e+00
9.039039039039038492e-01 2.182342544204409762e+00
9.049049049049049387e-01 2.178522463273808718e+00
9.059059059059059171e-01 2.178177540421513125e+00
9.069069069069068956e-01 2.176956974741329098e+00
9.079079079079078740e-01 2.183939714247895125e+00
9.089089089089088525e-01 2.177476021734728651e+00
9.099099099099099419e-01 2.173791885163226301e+00
9.109109109109109204e-01 2.186685369982685589e+00
9.119119119119118988e-01 2.177350338946676622e+00
9.129129129129128772e-01 2.176148798488005909e+00
9.139139139139138557e-01 2.166822250026160912e+00
9.149149149149149451e-01 2.182147642917114272e+00
9.159159159159159236e-01 2.192646455839304398e+00
9.169169169169169020e-01 2.181263996401614058e+00
9.179179179179178805e-01 2.183030710346767655e+00
9.189189189189188589e-01 2.180201706143269025e+00
9.199199199199199484e-01 2.175373922865507570e+00
9.209209209209209268e-01 2.186327813877391169e+00
9.219219219219219053e-01 2.189491103938743244e+00
9.229229229229228837e-01 2.191854650703965124e+00
9.239239239239238621e-01 2.184854908074882029e+00
9.249249249249249516e-01 2.179822269999922124e+00
9.259259259259259300e-01 2.186882170467906672e+00
9.269269269269269085e-01 2.194355828977195166e+00
9.279279279279278869e-01 2.186927899525322072e+00
9.289289289289288654e-01 2.182379383536793060e+00
9.299299299299299548e-01 2.192084044981153390e+00
9.309309309309309333e-01 2.181577199442060966e+00
9.319319319319319117e-01 2.189212087582759203e+00
9.329329329329328901e-01 2.185508689141816507e+00
9.339339339339339796e-01 2.187278208221544507e+00
9.349349349349349581e-01 2.182648602820782546e+00
9.359359359359359365e-01 2.184017443385817270e+00
9.369369369369369149e-01 2.180441654961939424e+00
9.379379379379378934e-01 2.168087318811678710e+00
9.389389389389389828e-01 2.162197893522129544e+00
9.399399399399399613e-01 2.148081179470839874e+00
9.409409409409409397e-01 2.126817797785808484e+00
9.419419419419419182e-01 2.099283598552604602e+00
9.429429429429428966e-01 2.056787151457418084e+00
9.439439439439439861e-01 1.973008772085744100e+00
9.449449449449449645e-01 1.841855644203239439e+00
9.459459459459459429e-01 1.658093895584773936e+00
9.469469469469469214e-01 1.613380758922993818e+00
9.479479479479478998e-01 1.612462890561619178e+00
9.489489489489489893e-01 1.637002772990478139e+00
9.499499499499499677e-01 1.802278808655753295e+00
9.509509509509509462e-01 1.950318956911613721e+00
9.519519519519519246e-01 2.061601315399010481e+00
9.529529529529529031e-01 2.111680658090719032e+00
9.539539539539539925e-01 2.149453942240428184e+00
9.549549549549549710e-01 2.170253883531950478e+00
9.559559559559559494e-01 2.190051737763090589e+00
9.569569569569569278e-01 2.204346252305197318e+00
9.579579579579579063e-01 2.218909880841426041e+00
9.589589589589589957e-01 2.219638547063407685e+00
9.599599599599599742e-01 2.229293911262380412e+00
9.609609609609609526e-01 2.232560673860223055e+00
9.619619619619619311e-01 2.236333854851243252e+00
9.629629629629629095e-01 2.236552375667649972e+00
9.639639639639639990e-01 2.248485768701226295e+00
9.649649649649649774e-01 2.248992825952537800e+00
9.659659659659659559e-01 2.258552146391959337e+00
9.669669669669669343e-01 2.256135140798265049e+00
9.679679679679679127e-01 2.254717150124165848e+00
9.689689689689690022e-01 2.260475800966953219e+00
9.699699699699699806e-01 2.258256939373167516e+00
9.709709709709709591e-01 2.268264489057137734e+00
9.719719719719719375e-01 2.267351469675092712e+00
9.729729729729729160e-01 2.269892165218271973e+00
9.739739739739740054e-01 2.265920202175381704e+00
9.749749749749749839e-01 2.278155816968934211e+00
9.759759759759759623e-01 2.269622519547382922e+00
9.769769769769769407e-01 2.284714081431678423e+00
9.779779779779779192e-01 2.277789527583582885e+00
9.789789789789790087e-01 2.281769367459611342e+00
9.799799799799799871e-01 2.292548877938426433e+00
9.809809809809809655e-01 2.283538868047162662e+00
9.819819819819819440e-01 2.281476397384716748e+00
9.829829829829829224e-01 2.287990092473595194e+00
9.839839839839840119e-01 2.289637798413215020e+00
9.849849849849849903e-01 2.288419723960162688e+00
9.859859859859859688e-01 2.296334700619151459e+00
9.869869869869869472e-01 2.302035119640978955e+00
9.879879879879879256e-01 2.301531208855612132e+00
9.889889889889890151e-01 2.298375572506730968e+00
9.899899899899899935e-01 2.302725983984175606e+00
9.909909909909909720e-01 2.303738122953559841e+00
9.919919919919919504e-01 2.307346547507132861e+00
9.929929929929930399e-01 2.306709177751662843e+00
9.939939939939940183e-01 2.317752964418546835e+00
9.949949949949949968e-01 2.314593668013650074e+00
9.959959959959959752e-01 2.316090019211682449e+00
9.969969969969969537e-01 2.313096246965632652e+00
9.979979979979980431e-01 2.311959510298089437e+00
9.989989989989990216e-01 2.323174356867600210e+00
1.000000000000000000e+00 2.319540905490241389e+00
