0.000000000000000000e+00 1.214748873289110520e+00
1.001001001001000992e-03 1.189931188496460956e+00
2.002002002002001985e-03 1.189991274637997032e+00
3.003003003003002977e-03 1.176015906176401726e+00
4.004004004004003969e-03 1.210183214999666079e+00
5.005005005005004962e-03 1.176075302894091346e+00
6.006006006006005954e-03 1.199068253631561110e+00
7.007007007007006946e-03 1.203514787855761936e+00
8.008008008008007939e-03 1.221007739723752206e+00
9.009009009009008931e-03 1.198659154668021642e+00
1.001001001001000992e-02 1.157169509662586027e+00
1.101101101101101092e-02 1.196697228644769462e+00
1.201201201201201191e-02 1.163552824116908413e+00
1.301301301301301290e-02 1.213553222556008171e+00
1.401401401401401389e-02 1.186445158122143795e+00
1.501501501501501488e-02 1.199317773892828676e+00
1.601601601601601588e-02 1.209245313809792055e+00
1.701701701701701513e-02 1.192800651098946396e+00
1.801801801801801786e-02 1.227397427570034560e+00
1.901901901901902059e-02 1.177645652694577771e+00
2.002002002002001985e-02 1.194915035611190390e+00
2.102102102102101910e-02 1.191342029401015301e+00
2.202202202202202183e-02 1.225261405626427713e+00
2.302302302302302456e-02 1.212672738658575389e+00
2.402402402402402382e-02 1.174970079948419510e+00
2.502502502502502307e-02 1.200390609546457821e+00
2.602602602602602580e-02 1.217185337291694314e+00
2.702702702702702853e-02 1.198450880219990244e+00
2.802802802802802778e-02 1.187170504977811181e+00
2.902902902902902704e-02 1.192299674069387416e+00
3.003003003003002977e-02 1.199054771283998733e+00
3.103103103103103250e-02 1.232601707583838913e+00
3.203203203203203175e-02 1.184629317843788332e+00
3.303303303303303101e-02 1.201563837925768929e+00
3.403403403403403027e-02 1.205118666723455023e+00
3.503503503503503647e-02 1.206000097033140150e+00
3.603603603603603572e-02 1.201384027593038750e+00
3.703703703703703498e-02 1.213677256684940087e+00
3.803803803803804118e-02 1.213612463328480162e+00
3.903903903903904044e-02 1.207313486973596195e+00
4.004004004004003969e-02 1.227215679787958758e+00
4.104104104104103895e-02 1.198702818987913865e+00
4.204204204204203821e-02 1.220107759838474415e+00
4.304304304304304440e-02 1.204898302017639589e+00
4.404404404404404366e-02 1.196928649406967304e+00
4.504504504504504292e-02 1.186795521241986950e+00
4.604604604604604912e-02 1.199046925761210414e+00
4.704704704704704837e-02 1.226934240502866702e+00
4.804804804804804763e-02 1.229587252908016293e+00
4.904904904904904689e-02 1.194845946148368032e+00
5.005005005005004615e-02 1.186797745462405462e+00
5.105105105105105234e-02 1.211663176494694572e+00
5.205205205205205160e-02 1.195096256170307791e+00
5.305305305305305086e-02 1.210555624056727675e+00
5.405405405405405705e-02 1.234740846955146854e+00
5.505505505505505631e-02 1.226508391715127377e+00
5.605605605605605557e-02 1.194888135013187469e+00
5.705705705705705483e-02 1.212373266823421725e+00
5.805805805805805409e-02 1.220459860453076306e+00
5.905905905905906028e-02 1.223002055669060839e+00
6.006006006006005954e-02 1.219600534376922285e+00
6.106106106106105880e-02 1.219527083556439351e+00
6.206206206206206499e-02 1.235652785846888424e+00
6.306306306306305731e-02 1.248538301777948778e+00
6.406406406406406351e-02 1.230387129568527804e+00
6.506506506506506970e-02 1.219699458275439685e+00
6.606606606606606202e-02 1.238614463169461999e+00
6.706706706706706822e-02 1.227549115252712042e+00
6.806806806806806054e-02 1.231708215449485611e+00
6.906906906906906674e-02 1.195901227016786361e+00
7.007007007007007293e-02 1.213642600045068187e+00
7.107107107107106525e-02 1.215453632222119440e+00
7.207207207207207145e-02 1.215546059148700619e+00
7.307307307307307764e-02 1.225144207880324076e+00
7.407407407407406996e-02 1.220102904456538129e+00
7.507507507507507616e-02 1.200187461434991665e+00
7.607607607607608236e-02 1.231919886507820916e+00
7.707707707707707467e-02 1.217446032999345951e+00
7.807807807807808087e-02 1.221132422398510720e+00
7.907907907907907319e-02 1.221192641861440276e+00
8.008008008008007939e-02 1.214201782819358533e+00
8.108108108108108558e-02 1.213508031244991736e+00
8.208208208208207790e-02 1.210285596126680741e+00
8.308308308308308410e-02 1.210203154111246127e+00
8.408408408408407642e-02 1.215316432707104211e+00
8.508508508508508261e-02 1.216311255847028594e+00
8.608608608608608881e-02 1.209381989790621947e+00
8.708708708708708113e-02 1.225975413232025968e+00
8.808808808808808732e-02 1.248492832548127929e+00
8.908908908908909352e-02 1.230289669261418251e+00
9.009009009009008584e-02 1.236828216494603838e+00
9.109109109109109204e-02 1.203493685862706331e+00
9.209209209209209823e-02 1.248365083973191014e+00
9.309309309309309055e-02 1.226773311507588282e+00
9.409409409409409675e-02 1.214427194794414300e+00
9.509509509509508907e-02 1.219919911780115607e+00
9.609609609609609526e-02 1.225329007007998072e+00
9.709709709709710146e-02 1.234569453780498982e+00
9.809809809809809378e-02 1.225481255010180126e+00
9.909909909909909997e-02 1.199495043151558304e+00
1.001001001001000923e-01 1.220193520640166840e+00
1.011011011011010985e-01 1.217030565229566985e+00
1.021021021021021047e-01 1.235986201633704651e+00
1.031031031031030970e-01 1.203906579637709306e+00
1.041041041041041032e-01 1.233021046718091096e+00
1.051051051051051094e-01 1.221423671234127983e+00
1.061061061061061017e-01 1.227154566241476008e+00
1.071071071071071079e-01 1.225153802304806083e+00
1.081081081081081141e-01 1.228613362877986281e+00
1.091091091091091064e-01 1.239412534635200736e+00
1.101101101101101126e-01 1.219219453584047264e+00
1.111111111111111049e-01 1.232176353572922656e+00
1.121121121121121111e-01 1.241075810843184524e+00
1.131131131131131173e-01 1.219008071138823146e+00
1.141141141141141097e-01 1.230154348961627564e+00
1.151151151151151159e-01 1.243694026308437950e+00
1.161161161161161082e-01 1.237786789710847879e+00
1.171171171171171144e-01 1.232338447797969527e+00
1.181181181181181206e-01 1.233074476330137559e+00
1.191191191191191129e-01 1.233465707999853000e+00
1.201201201201201191e-01 1.237060605135590130e+00
1.211211211211211253e-01 1.213193811675042921e+00
1.221221221221221176e-01 1.220936919670783105e+00
1.231231231231231238e-01 1.250718468511533565e+00
1.241241241241241300e-01 1.230438382990534540e+00
1.251251251251251362e-01 1.233191944110928917e+00
1.261261261261261146e-01 1.205500017877830787e+00
1.271271271271271208e-01 1.242357960457371568e+00
1.281281281281281270e-01 1.214170687074985766e+00
1.291291291291291332e-01 1.235009536053500501e+00
1.301301301301301394e-01 1.211175182329572442e+00
1.311311311311311179e-01 1.219237349237865198e+00
1.321321321321321240e-01 1.230007523126251501e+00
1.331331331331331302e-01 1.211646200162394882e+00
1.341341341341341364e-01 1.221937738362476322e+00
1.351351351351351426e-01 1.214448787905353599e+00
1.361361361361361211e-01 1.216599189488474009e+00
1.371371371371371273e-01 1.217325930998973682e+00
1.381381381381381335e-01 1.222201358509261926e+00
1.391391391391391397e-01 1.179162969271485562e+00
1.401401401401401459e-01 1.189095293085531857e+00
1.411411411411411521e-01 1.227531491044683287e+00
1.421421421421421305e-01 1.180259828488309015e+00
1.431431431431431367e-01 1.184267805177717792e+00
1.441441441441441429e-01 1.162387519018771354e+00
1.451451451451451491e-01 1.148287976617776929e+00
1.461461461461461553e-01 1.116485055893553957e+00
1.471471471471471337e-01 1.049256079440903378e+00
1.481481481481481399e-01 1.031797651741059418e+00
1.491491491491491461e-01 9.359185342731966006e-01
1.501501501501501523e-01 7.692080357787773881e-01
1.511511511511511585e-01 5.480616098367430133e-01
1.521521521521521647e-01 4.995625102722341393e-01
1.531531531531531432e-01 4.754559293695820310e-01
1.541541541541541493e-01 5.010178921586888601e-01
1.551551551551551555e-01 5.887362546772610949e-01
1.561561561561561617e-01 7.711751153441535056e-01
1.571571571571571679e-01 9.226422728928771466e-01
1.581581581581581464e-01 1.008825678183648211e+00
1.591591591591591526e-01 1.065875348559107927e+00
1.601601601601601588e-01 1.125311084089272606e+00
1.611611611611611650e-01 1.162440197148897347e+00
1.621621621621621712e-01 1.172737014731601857e+00
1.631631631631631496e-01 1.191299032576580430e+00
1.641641641641641558e-01 1.209649272298321199e+00
1.651651651651651620e-01 1.192831316140076092e+00
1.661661661661661682e-01 1.197958223091921459e+00
1.671671671671671744e-01 1.210221488724831262e+00
1.681681681681681528e-01 1.199860493039124121e+00
1.691691691691691590e-01 1.216925201803891632e+00
1.701701701701701652e-01 1.238418335734073450e+00
1.711711711711711714e-01 1.233683803542969359e+00
1.721721721721721776e-01 1.224204963080963937e+00
1.731731731731731838e-01 1.231960542525338376e+00
1.741741741741741623e-01 1.255088331288354953e+00
1.751751751751751685e-01 1.234587292809619319e+00
1.761761761761761746e-01 1.257427865121352628e+00
1.771771771771771808e-01 1.231023594029921897e+00
1.781781781781781870e-01 1.229307361385570285e+00
1.791791791791791655e-01 1.259467982555562582e+00
1.801801801801801717e-01 1.276685574600955775e+00
1.811811811811811779e-01 1.255012745221074422e+00
1.821821821821821841e-01 1.251809017725673767e+00
1.831831831831831903e-01 1.273004055458947237e+00
1.841841841841841965e-01 1.248930567215416954e+00
1.851851851851851749e-01 1.240986565020729460e+00
1.861861861861861811e-01 1.242830781476500945e+00
1.871871871871871873e-01 1.277812321092702152e+00
1.881881881881881935e-01 1.267612645875003219e+00
1.891891891891891997e-01 1.258897542046007789e+00
1.901901901901901781e-01 1.223522184439082228e+00
1.911911911911911843e-01 1.282278522998419046e+00
1.921921921921921905e-01 1.265254498408324269e+00
1.931931931931931967e-01 1.328269302797315810e+00
1.941941941941942029e-01 1.290548199730809031e+00
1.951951951951951814e-01 1.319228981943786350e+00
1.961961961961961876e-01 1.316381895331469654e+00
1.971971971971971938e-01 1.337539009601262707e+00
1.981981981981981999e-01 1.340780283945249174e+00
1.991991991991992061e-01 1.370213487977818057e+00
2.002002002002001846e-01 1.399800395302548628e+00
2.012012012012011908e-01 1.452416943082649015e+00
2.022022022022021970e-01 1.542194491641777132e+00
2.032032032032032032e-01 1.702710661261952030e+00
2.042042042042042094e-01 1.887257858342120898e+00
2.052052052052052156e-01 2.069227736632102577e+00
2.062062062062061940e-01 2.086724457469655736e+00
2.072072072072072002e-01 2.052998894378651240e+00
2.082082082082082064e-01 2.083259336222852642e+00
2.092092092092092126e-01 1.882118870756552598e+00
2.102102102102102188e-01 1.697324894215356261e+00
2.112112112112111972e-01 1.558330062231806368e+00
2.122122122122122034e-01 1.483677211406031038e+00
2.132132132132132096e-01 1.407856799712099649e+00
2.142142142142142158e-01 1.369760014103754031e+00
2.152152152152152220e-01 1.343316680448487510e+00
2.162162162162162282e-01 1.325288017999649348e+00
2.172172172172172067e-01 1.326828488340597856e+00
2.182182182182182129e-01 1.304739742849479578e+00
2.192192192192192191e-01 1.280899167050036924e+00
2.202202202202202252e-01 1.288327303231965315e+00
2.212212212212212314e-01 1.281000766573000771e+00
2.222222222222222099e-01 1.286561644222252276e+00
2.232232232232232161e-01 1.286867934646488187e+00
2.242242242242242223e-01 1.277473238323392879e+00
2.252252252252252285e-01 1.252028885046538198e+00
2.262262262262262347e-01 1.263786893538836109e+00
2.272272272272272131e-01 1.245347854142895283e+00
2.282282282282282193e-01 1.244617815459258203e+00
2.292292292292292255e-01 1.277792251515102340e+00
2.302302302302302317e-01 1.248470926395513381e+00
2.312312312312312379e-01 1.220756324359791201e+00
2.322322322322322163e-01 1.246444755204697108e+00
2.332332332332332225e-01 1.266345592019234578e+00
2.342342342342342287e-01 1.262754648961094572e+00
2.352352352352352349e-01 1.261279555798864971e+00
2.362362362362362411e-01 1.254093287647564114e+00
2.372372372372372473e-01 1.241661111354667835e+00
2.382382382382382258e-01 1.251308991750504918e+00
2.392392392392392320e-01 1.239474800865668191e+00
2.402402402402402382e-01 1.249935766059254494e+00
2.412412412412412444e-01 1.238144777507449223e+00
2.422422422422422505e-01 1.244394395057345726e+00
2.432432432432432290e-01 1.256935851141472327e+00
2.442442442442442352e-01 1.262727762162606959e+00
2.452452452452452414e-01 1.261032146509160956e+00
2.462462462462462476e-01 1.279537492656077191e+00
2.472472472472472538e-01 1.269679584445796650e+00
2.482482482482482600e-01 1.254207779344780560e+00
2.492492492492492384e-01 1.237218855773021708e+00
2.502502502502502724e-01 1.229881017908355689e+00
2.512512512512512508e-01 1.235669005711533153e+00
2.522522522522522292e-01 1.251874938038666008e+00
2.532532532532532632e-01 1.241770934090683287e+00
2.542542542542542416e-01 1.235507045892086486e+00
2.552552552552552756e-01 1.228172594488221803e+00
2.562562562562562540e-01 1.229933575542500712e+00
2.572572572572572325e-01 1.230988844354676148e+00
2.582582582582582664e-01 1.239591396772874665e+00
2.592592592592592449e-01 1.236789353360141064e+00
2.602602602602602788e-01 1.235654174199428468e+00
2.612612612612612573e-01 1.240337370124890315e+00
2.622622622622622357e-01 1.245144276722414123e+00
2.632632632632632697e-01 1.246242315103181619e+00
2.642642642642642481e-01 1.246559115639267468e+00
2.652652652652652820e-01 1.245646802292417199e+00
2.662662662662662605e-01 1.268797159432897503e+00
2.672672672672672389e-01 1.245529908618971282e+00
2.682682682682682729e-01 1.235938622817802868e+00
2.692692692692692513e-01 1.259238967714777502e+00
2.702702702702702853e-01 1.235215094888168164e+00
2.712712712712712637e-01 1.234768624809189808e+00
2.722722722722722422e-01 1.250129947671424935e+00
2.732732732732732761e-01 1.257567389229395927e+00
2.742742742742742545e-01 1.238098380887983740e+00
2.752752752752752885e-01 1.222905584571144511e+00
2.762762762762762669e-01 1.239311670270375698e+00
2.772772772772773009e-01 1.207824319882649489e+00
2.782782782782782793e-01 1.246544194667122740e+00
2.792792792792792578e-01 1.236489412798401410e+00
2.802802802802802917e-01 1.210643679113025950e+00
2.812812812812812702e-01 1.218925519131212942e+00
2.822822822822823041e-01 1.203272638695657815e+00
2.832832832832832826e-01 1.243724322510577407e+00
2.842842842842842610e-01 1.199523206157067756e+00
2.852852852852852950e-01 1.210536248656032265e+00
2.862862862862862734e-01 1.192905912425515469e+00
2.872872872872873073e-01 1.172675645393804533e+00
2.882882882882882858e-01 1.186532277387202683e+00
2.892892892892892642e-01 1.157392679354547704e+00
2.902902902902902982e-01 1.154661002462691100e+00
2.912912912912912766e-01 1.104272429637234376e+00
2.922922922922923106e-01 1.038289728115979305e+00
2.932932932932932890e-01 9.812409516071521898e-01
2.942942942942942675e-01 8.842164304874320369e-01
2.952952952952953014e-01 6.770646147690757566e-01
2.962962962962962798e-01 4.975277419238300358e-01
2.972972972972973138e-01 4.874886492073153277e-01
2.982982982982982922e-01 4.738536831882964595e-01
2.992992992992992707e-01 4.504939789165662845e-01
3.003003003003003046e-01 5.567789379533626404e-01
3.013013013013012831e-01 7.647429498533866443e-01
3.023023023023023170e-01 8.778344771144597214e-01
3.033033033033032955e-01 1.008275799635402148e+00
3.043043043043043294e-01 1.080717464533439864e+00
3.053053053053053079e-01 1.139809538118018217e+00
3.063063063063062863e-01 1.153071369287926418e+00
3.073073073073073203e-01 1.166077612477032899e+00
3.083083083083082987e-01 1.160031376825775951e+00
3.093093093093093326e-01 1.183928809257504433e+00
3.103103103103103111e-01 1.198371119540681207e+00
3.113113113113112895e-01 1.191042719233998071e+00
3.123123123123123235e-01 1.209204937008709679e+00
3.133133133133133019e-01 1.230403044423992842e+00
3.143143143143143359e-01 1.234415138302971116e+00
3.153153153153153143e-01 1.213836711560242199e+00
3.163163163163162928e-01 1.220839089266874566e+00
3.173173173173173267e-01 1.206828997463032183e+00
3.183183183183183051e-01 1.204527372204939217e+00
3.193193193193193391e-01 1.251359135868613581e+00
3.203203203203203175e-01 1.221265182890250545e+00
3.213213213213212960e-01 1.241851927652505516e+00
3.223223223223223299e-01 1.221697050226758341e+00
3.233233233233233084e-01 1.230822101088975273e+00
3.243243243243243423e-01 1.219698332149874664e+00
3.253253253253253208e-01 1.238222248756384980e+00
3.263263263263262992e-01 1.233528654276195402e+00
3.273273273273273332e-01 1.231404750074648113e+00
3.283283283283283116e-01 1.222469426738330034e+00
3.293293293293293456e-01 1.228470866775847492e+00
3.303303303303303240e-01 1.237100806739903192e+00
3.313313313313313024e-01 1.227566146083391541e+00
3.323323323323323364e-01 1.223864992308690836e+00
3.333333333333333148e-01 1.214159602977745722e+00
3.343343343343343488e-01 1.258636371993436365e+00
3.353353353353353272e-01 1.257582672511239785e+00
3.363363363363363057e-01 1.211057308285915735e+00
3.373373373373373396e-01 1.210034579606553029e+00
3.383383383383383181e-01 1.234959029777098705e+00
3.393393393393393520e-01 1.224660510490556131e+00
3.403403403403403304e-01 1.237304781249592311e+00
3.413413413413413644e-01 1.215754753481461892e+00
3.423423423423423428e-01 1.225582277934422093e+00
3.433433433433433213e-01 1.203368393291751826e+00
3.443443443443443552e-01 1.234722112673870775e+00
3.453453453453453337e-01 1.227985898986690971e+00
3.463463463463463676e-01 1.227362098077824593e+00
3.473473473473473461e-01 1.195585634102968919e+00
3.483483483483483245e-01 1.197430047549847609e+00
3.493493493493493585e-01 1.211565273506844065e+00
3.503503503503503369e-01 1.234885881529627527e+00
3.513513513513513709e-01 1.210149030894094535e+00
3.523523523523523493e-01 1.197504892539307697e+00
3.533533533533533277e-01 1.196502470226392667e+00
3.543543543543543617e-01 1.196238948348637088e+00
3.553553553553553401e-01 1.176013107944796632e+00
3.563563563563563741e-01 1.173778037834700028e+00
3.573573573573573525e-01 1.137475282264787779e+00
3.583583583583583310e-01 1.134412580482711652e+00
3.593593593593593649e-01 1.100894734523502949e+00
3.603603603603603434e-01 1.047851240568251852e+00
3.613613613613613773e-01 9.466785312342339553e-01
3.623623623623623557e-01 8.361946512843385637e-01
3.633633633633633342e-01 6.643738637010770942e-01
3.643643643643643681e-01 4.679553080205733906e-01
3.653653653653653466e-01 4.356190981238758364e-01
3.663663663663663805e-01 4.520299724984805367e-01
3.673673673673673590e-01 3.939676962699839025e-01
3.683683683683683929e-01 5.543558501989503950e-01
3.693693693693693714e-01 7.521030392139759213e-01
3.703703703703703498e-01 8.811758752722034238e-01
3.713713713713713838e-01 9.784361234493113013e-01
3.723723723723723622e-01 1.038827759453575972e+00
3.733733733733733962e-01 1.084965005910147662e+00
3.743743743743743746e-01 1.125711771848254550e+00
3.753753753753753530e-01 1.164014866281407601e+00
3.763763763763763870e-01 1.143285542735951399e+00
3.773773773773773654e-01 1.159884160409538900e+00
3.783783783783783994e-01 1.148975490076730166e+00
3.793793793793793778e-01 1.186635838405735388e+00
3.803803803803803563e-01 1.174784801161823822e+00
3.813813813813813902e-01 1.189374154112294857e+00
3.823823823823823687e-01 1.217128482635063680e+00
3.833833833833834026e-01 1.211262467700785495e+00
3.843843843843843811e-01 1.225935608628659246e+00
3.853853853853853595e-01 1.210081745168544165e+00
3.863863863863863934e-01 1.199214413047568817e+00
3.873873873873873719e-01 1.191439144723114296e+00
3.883883883883884058e-01 1.223406906024028906e+00
3.893893893893893843e-01 1.199141342660991816e+00
3.903903903903903627e-01 1.204321556453309627e+00
3.913913913913913967e-01 1.217110160799619756e+00
3.923923923923923751e-01 1.225024673065998160e+00
3.933933933933934091e-01 1.178686339261874272e+00
3.943943943943943875e-01 1.180300617092202797e+00
3.953953953953953659e-01 1.188318363113378018e+00
3.963963963963963999e-01 1.186806088966737116e+00
3.973973973973973783e-01 1.182256967478045429e+00
3.983983983983984123e-01 1.129443207801738902e+00
3.993993993993993907e-01 1.139372687978130072e+00
4.004004004004003692e-01 1.134462930269309666e+00
4.014014014014014031e-01 1.116083733303833592e+00
4.024024024024023816e-01 1.066875704236677436e+00
4.034034034034034155e-01 1.015716176158145911e+00
4.044044044044043940e-01 9.761612602884921497e-01
4.054054054054054279e-01 8.021541597131541801e-01
4.064064064064064064e-01 6.640872585635752001e-01
4.074074074074073848e-01 3.470467368691864674e-01
4.084084084084084187e-01 2.601602947930593546e-01
4.094094094094093972e-01 2.497924965056779467e-01
4.104104104104104311e-01 2.594418506602355068e-01
4.114114114114114096e-01 3.451198827723059304e-01
4.124124124124123880e-01 5.800923080941117194e-01
4.134134134134134220e-01 7.795506469594432053e-01
4.144144144144144004e-01 9.516493750077549274e-01
4.154154154154154344e-01 1.010899870453196181e+00
4.164164164164164128e-01 1.079129258403006997e+00
4.174174174174173912e-01 1.088812785507833558e+00
4.184184184184184252e-01 1.114407626618078906e+00
4.194194194194194036e-01 1.165864685157000480e+00
4.204204204204204376e-01 1.169416289296879352e+00
4.214214214214214160e-01 1.160050730496822391e+00
4.224224224224223945e-01 1.178418232616034178e+00
4.234234234234234284e-01 1.198307082244642441e+00
4.244244244244244069e-01 1.179545813899756324e+00
4.254254254254254408e-01 1.203325104759244368e+00
4.264264264264264193e-01 1.188592005285071362e+00
4.274274274274273977e-01 1.178955600989127772e+00
4.284284284284284317e-01 1.184482108495926944e+00
4.294294294294294101e-01 1.192605500162187138e+00
4.304304304304304440e-01 1.196036369344651629e+00
4.314314314314314225e-01 1.217972577780213950e+00
4.324324324324324564e-01 1.190956631769946927e+00
4.334334334334334349e-01 1.200765768893643060e+00
4.344344344344344133e-01 1.227546891857094202e+00
4.354354354354354473e-01 1.217849926752446743e+00
4.364364364364364257e-01 1.207358975429283943e+00
4.374374374374374597e-01 1.245841231209805278e+00
4.384384384384384381e-01 1.196759758370951499e+00
4.394394394394394165e-01 1.212122774646235968e+00
4.404404404404404505e-01 1.228735656998047432e+00
4.414414414414414289e-01 1.222631540683030815e+00
4.424424424424424629e-01 1.227269975626573473e+00
4.434434434434434413e-01 1.212817907500607140e+00
4.444444444444444198e-01 1.241669063593190181e+00
4.454454454454454537e-01 1.212283670290128512e+00
4.464464464464464322e-01 1.204523516325946231e+00
4.474474474474474661e-01 1.233905742441891551e+00
4.484484484484484446e-01 1.202872617161426794e+00
4.494494494494494230e-01 1.214395302596923853e+00
4.504504504504504570e-01 1.212704326825611911e+00
4.514514514514514354e-01 1.210045489531143437e+00
4.524524524524524693e-01 1.234113987117758882e+00
4.534534534534534478e-01 1.247436021424652042e+00
4.544544544544544262e-01 1.224340569259896094e+00
4.554554554554554602e-01 1.226200036505872726e+00
4.564564564564564386e-01 1.214169105355300982e+00
4.574574574574574726e-01 1.217453138391278999e+00
4.584584584584584510e-01 1.201714183139476866e+00
4.594594594594594295e-01 1.224555928282152983e+00
4.604604604604604634e-01 1.216884582163931805e+00
4.614614614614614418e-01 1.207302667472626156e+00
4.624624624624624758e-01 1.237319927659369379e+00
4.634634634634634542e-01 1.216724511038697720e+00
4.644644644644644327e-01 1.204303698158988301e+00
4.654654654654654666e-01 1.222968399948893392e+00
4.664664664664664451e-01 1.220393206684679432e+00
4.674674674674674790e-01 1.205096318282472767e+00
4.684684684684684575e-01 1.200422175212116249e+00
4.694694694694694914e-01 1.213155371928214210e+00
4.704704704704704699e-01 1.207610506809391415e+00
4.714714714714714483e-01 1.224834406849514723e+00
4.724724724724724823e-01 1.201002158531049080e+00
4.734734734734734607e-01 1.202568478980565292e+00
4.744744744744744946e-01 1.203894647344062818e+00
4.754754754754754731e-01 1.210477502004350336e+00
4.764764764764764515e-01 1.199191685756771708e+00
4.774774774774774855e-01 1.211629786659044195e+00
4.784784784784784639e-01 1.205750665826418322e+00
4.794794794794794979e-01 1.187458645209447772e+00
4.804804804804804763e-01 1.247850300499990572e+00
4.814814814814814548e-01 1.217609765523816945e+00
4.824824824824824887e-01 1.218197224823927449e+00
4.834834834834834671e-01 1.224810153258816259e+00
4.844844844844845011e-01 1.219929019253232161e+00
4.854854854854854795e-01 1.223924152675398558e+00
4.864864864864864580e-01 1.191238942503936471e+00
4.874874874874874919e-01 1.210333896358936734e+00
4.884884884884884704e-01 1.212817757082396142e+00
4.894894894894895043e-01 1.200969682372476699e+00
4.904904904904904828e-01 1.216621534666433080e+00
4.914914914914914612e-01 1.233823482286749318e+00
4.924924924924924952e-01 1.209999510874230966e+00
4.934934934934934736e-01 1.224670134019218759e+00
4.944944944944945076e-01 1.214015108083164707e+00
4.954954954954954860e-01 1.231436299476544427e+00
4.964964964964965199e-01 1.205909682476231204e+00
4.974974974974974984e-01 1.209802966785228806e+00
4.984984984984984768e-01 1.237288644880172095e+00
4.994994994994995108e-01 1.213609533925649631e+00
5.005005005005005447e-01 1.230806695572345122e+00
5.015015015015015232e-01 1.224511622770647401e+00
5.025025025025025016e-01 1.259565692872483211e+00
5.035035035035034801e-01 1.249078562594988062e+00
5.045045045045044585e-01 1.275394039961685655e+00
5.055055055055055480e-01 1.288461639238538181e+00
5.065065065065065264e-01 1.288595236945006883e+00
5.075075075075075048e-01 1.327811842630361783e+00
5.085085085085084833e-01 1.349101175113669671e+00
5.095095095095094617e-01 1.391964735877742942e+00
5.105105105105105512e-01 1.435191935263958829e+00
5.115115115115115296e-01 1.510403847806042199e+00
5.125125125125125081e-01 1.622454664758373077e+00
5.135135135135134865e-01 1.777714353155128491e+00
5.145145145145144649e-01 1.953344719652652772e+00
5.155155155155155544e-01 2.019977689888596828e+00
5.165165165165165329e-01 2.011684377127993528e+00
5.175175175175175113e-01 2.009962880783658257e+00
5.185185185185184897e-01 1.957086990281258876e+00
5.195195195195194682e-01 1.763166499861681613e+00
5.205205205205205576e-01 1.585160281810643834e+00
5.215215215215215361e-01 1.510599129042890176e+00
5.225225225225225145e-01 1.398280123452293688e+00
5.235235235235234930e-01 1.354806945112194239e+00
5.245245245245244714e-01 1.319675789650775144e+00
5.255255255255255609e-01 1.319392022614946924e+00
5.265265265265265393e-01 1.259480614614906901e+00
5.275275275275275177e-01 1.250759231906615865e+00
5.285285285285284962e-01 1.281075186815706202e+00
5.295295295295294746e-01 1.244229554921242098e+00
5.305305305305305641e-01 1.247126656145020718e+00
5.315315315315315425e-01 1.251004609376115129e+00
5.325325325325325210e-01 1.214634437220998286e+00
5.335335335335334994e-01 1.233574992427244110e+00
5.345345345345344779e-01 1.215809828440300500e+00
5.355355355355355673e-01 1.185102645154199719e+00
5.365365365365365458e-01 1.209969443236487363e+00
5.375375375375375242e-01 1.205466131656530049e+00
5.385385385385385026e-01 1.204077673527653047e+00
5.395395395395394811e-01 1.201453369223035361e+00
5.405405405405405705e-01 1.216635529023443629e+00
5.415415415415415490e-01 1.186221891171775678e+00
5.425425425425425274e-01 1.173155942355334824e+00
5.435435435435435059e-01 1.181396980852335021e+00
5.445445445445444843e-01 1.202185722092703024e+00
5.455455455455455738e-01 1.199961160009252126e+00
5.465465465465465522e-01 1.192898259246873760e+00
5.475475475475475307e-01 1.191490527018418843e+00
5.485485485485485091e-01 1.193668170362547132e+00
5.495495495495495986e-01 1.217140733832269506e+00
5.505505505505505770e-01 1.193394008702239661e+00
5.515515515515515554e-01 1.172065448668212939e+00
5.525525525525525339e-01 1.182253789965775903e+00
5.535535535535535123e-01 1.173858694640535161e+00
5.545545545545546018e-01 1.176070070092600783e+00
5.555555555555555802e-01 1.156714459548447760e+00
5.565565565565565587e-01 1.171645419193264370e+00
5.575575575575575371e-01 1.159539560515233214e+00
5.585585585585585155e-01 1.173981423238163124e+00
5.595595595595596050e-01 1.149326253457401137e+00
5.605605605605605835e-01 1.193028143398985996e+00
5.615615615615615619e-01 1.167623203569889023e+00
5.625625625625625403e-01 1.199846908814025337e+00
5.635635635635635188e-01 1.151949739948255447e+00
5.645645645645646082e-01 1.175943322838908900e+00
5.655655655655655867e-01 1.215538682908938739e+00
5.665665665665665651e-01 1.172340847561045507e+00
5.675675675675675436e-01 1.190448149965055658e+00
5.685685685685685220e-01 1.166475998571894879e+00
5.695695695695696115e-01 1.194918881336742400e+00
5.705705705705705899e-01 1.152240153515135868e+00
5.715715715715715683e-01 1.166942733713311808e+00
5.725725725725725468e-01 1.180010948876281107e+00
5.735735735735735252e-01 1.173851027293515425e+00
5.745745745745746147e-01 1.173247660571338669e+00
5.755755755755755931e-01 1.175343853299337660e+00
5.765765765765765716e-01 1.172582924239982338e+00
5.775775775775775500e-01 1.197174094947637268e+00
5.785785785785785285e-01 1.189025790177507647e+00
5.795795795795796179e-01 1.167035065320588982e+00
5.805805805805805964e-01 1.162763238148003975e+00
5.815815815815815748e-01 1.149177877729056441e+00
5.825825825825825532e-01 1.181970940939579107e+00
5.835835835835835317e-01 1.187739438999043440e+00
5.845845845845846211e-01 1.162121100078430391e+00
5.855855855855855996e-01 1.182184125754232484e+00
5.865865865865865780e-01 1.176623768941740700e+00
5.875875875875875565e-01 1.162141009920245160e+00
5.885885885885885349e-01 1.160276758346578063e+00
5.895895895895896244e-01 1.177000094829802945e+00
5.905905905905906028e-01 1.187278101443477230e+00
5.915915915915915813e-01 1.152583560303246824e+00
5.925925925925925597e-01 1.176458677810958697e+00
5.935935935935935381e-01 1.163657891369992203e+00
5.945945945945946276e-01 1.175924020434793382e+00
5.955955955955956060e-01 1.150986269044289134e+00
5.965965965965965845e-01 1.156798488614548148e+00
5.975975975975975629e-01 1.165669825003629700e+00
5.985985985985985414e-01 1.163511321118994246e+00
5.995995995995996308e-01 1.141048950587173705e+00
6.006006006006006093e-01 1.139421456179295022e+00
6.016016016016015877e-01 1.150380378142803472e+00
6.026026026026025662e-01 1.123247894724241469e+00
6.036036036036035446e-01 1.172867795967750926e+00
6.046046046046046341e-01 1.179808590872205354e+00
6.056056056056056125e-01 1.155022120150499099e+00
6.066066066066065909e-01 1.153410206820781658e+00
6.076076076076075694e-01 1.172970745595586672e+00
6.086086086086086588e-01 1.137923957040528844e+00
6.096096096096096373e-01 1.157644367694115495e+00
6.106106106106106157e-01 1.148196434876606054e+00
6.116116116116115942e-01 1.158865462412114855e+00
6.126126126126125726e-01 1.152358607794374601e+00
6.136136136136136621e-01 1.152093227272395604e+00
6.146146146146146405e-01 1.142601310297506334e+00
6.156156156156156189e-01 1.135977629713960324e+00
6.166166166166165974e-01 1.165278367737561327e+00
6.176176176176175758e-01 1.128526737046462891e+00
6.186186186186186653e-01 1.132501485110371631e+00
6.196196196196196437e-01 1.153002022763975232e+00
6.206206206206206222e-01 1.149036069727828124e+00
6.216216216216216006e-01 1.141539726634027918e+00
6.226226226226225791e-01 1.136366684237788638e+00
6.236236236236236685e-01 1.134103523454021545e+00
6.246246246246246470e-01 1.114877195778678276e+00
6.256256256256256254e-01 1.148577497868206176e+00
6.266266266266266038e-01 1.137993971081432854e+00
6.276276276276275823e-01 1.139036943306954264e+00
6.286286286286286717e-01 1.164431780788383275e+00
6.296296296296296502e-01 1.146326284309662435e+00
6.306306306306306286e-01 1.141019797514276402e+00
6.316316316316316071e-01 1.139348641112652105e+00
6.326326326326325855e-01 1.151178106866894701e+00
6.336336336336336750e-01 1.133677247182021786e+00
6.346346346346346534e-01 1.109212454241689683e+00
6.356356356356356319e-01 1.147929117706495639e+00
6.366366366366366103e-01 1.110295349240669749e+00
6.376376376376375887e-01 1.125500954893610572e+00
6.386386386386386782e-01 1.139981887452311771e+00
6.396396396396396566e-01 1.126747131885063036e+00
6.406406406406406351e-01 1.128646327624884371e+00
6.416416416416416135e-01 1.121628401016461218e+00
6.426426426426425920e-01 1.123228080359301995e+00
6.436436436436436814e-01 1.119361274492364666e+00
6.446446446446446599e-01 1.112055441648006848e+00
6.456456456456456383e-01 1.121533781231384808e+00
6.466466466466466168e-01 1.130014680702454477e+00
6.476476476476475952e-01 1.102444101261517595e+00
6.486486486486486847e-01 1.131147543854238879e+00
6.496496496496496631e-01 1.131440552784349851e+00
6.506506506506506415e-01 1.125975750089552863e+00
6.516516516516516200e-01 1.126041889028523313e+00
6.526526526526525984e-01 1.127509218188784912e+00
6.536536536536536879e-01 1.114238675740268247e+00
6.546546546546546663e-01 1.138288311128099473e+00
6.556556556556556448e-01 1.128529624362802686e+00
6.566566566566566232e-01 1.122426439686319721e+00
6.576576576576576016e-01 1.114829036652972949e+00
6.586586586586586911e-01 1.119375500950647417e+00
6.596596596596596696e-01 1.102862612897342220e+00
6.606606606606606480e-01 1.130407071365823635e+00
6.616616616616616264e-01 1.097684365747750412e+00
6.626626626626626049e-01 1.114077606476236992e+00
6.636636636636636943e-01 1.119942129753229265e+00
6.646646646646646728e-01 1.087584025234125784e+00
6.656656656656656512e-01 1.108279848498303854e+00
6.666666666666666297e-01 1.130881306695853405e+00
6.676676676676676081e-01 1.109849457822608798e+00
6.686686686686686976e-01 1.143881310295195686e+00
6.696696696696696760e-01 1.121074699244097639e+00
6.706706706706706544e-01 1.106886219921604964e+00
6.716716716716716329e-01 1.117692342715161491e+00
6.726726726726726113e-01 1.085912829757289311e+00
6.736736736736737008e-01 1.105846176474232445e+00
6.746746746746746792e-01 1.084734728877984056e+00
6.756756756756756577e-01 1.121395737913816415e+00
6.766766766766766361e-01 1.132052573670390139e+00
6.776776776776777256e-01 1.112572067274102627e+00
6.786786786786787040e-01 1.121450597408924610e+00
6.796796796796796825e-01 1.129487786182026499e+00
6.806806806806806609e-01 1.103742639996034836e+00
6.816816816816816393e-01 1.118809145008587302e+00
6.826826826826827288e-01 1.083704176131114805e+00
6.836836836836837072e-01 1.124099393065905339e+00
6.846846846846846857e-01 1.136823165417957693e+00
6.856856856856856641e-01 1.114368560676185060e+00
6.866866866866866426e-01 1.071174321690864017e+00
6.876876876876877320e-01 1.112686095928605567e+00
6.886886886886887105e-01 1.100885334495452783e+00
6.896896896896896889e-01 1.116308270501820576e+00
6.906906906906906674e-01 1.088913368871487375e+00
6.916916916916916458e-01 1.086978133897664733e+00
6.926926926926927353e-01 1.084681952895724333e+00
6.936936936936937137e-01 1.101097472250279097e+00
6.946946946946946921e-01 1.098211412804682041e+00
6.956956956956956706e-01 1.102462379580429364e+00
6.966966966966966490e-01 1.097301952513509926e+00
6.976976976976977385e-01 1.092309431212155513e+00
6.986986986986987169e-01 1.085324156427074804e+00
6.996996996996996954e-01 1.104025668438979313e+00
7.007007007007006738e-01 1.098225840939995424e+00
7.017017017017016522e-01 1.105230598706034684e+00
7.027027027027027417e-01 1.113058193095050274e+00
7.037037037037037202e-01 1.096275106729040827e+00
7.047047047047046986e-01 1.045384859531635069e+00
7.057057057057056770e-01 1.084465301152959915e+00
7.067067067067066555e-01 1.066427404932096978e+00
7.077077077077077449e-01 1.105337711647299326e+00
7.087087087087087234e-01 1.086992894796145581e+00
7.097097097097097018e-01 1.090182012555534818e+00
7.107107107107106803e-01 1.085774184281207422e+00
7.117117117117116587e-01 1.122429776545020408e+00
7.127127127127127482e-01 1.069002292810480093e+00
7.137137137137137266e-01 1.081135477902667619e+00
7.147147147147147050e-01 1.075520124182953063e+00
7.157157157157156835e-01 1.056978024983626918e+00
7.167167167167166619e-01 1.069170196361221459e+00
7.177177177177177514e-01 1.097520672849543466e+00
7.187187187187187298e-01 1.074589733637943079e+00
7.197197197197197083e-01 1.062023240787422829e+00
7.207207207207206867e-01 1.080827257379050943e+00
7.217217217217216652e-01 1.081078910005074833e+00
7.227227227227227546e-01 1.062492146373194668e+00
7.237237237237237331e-01 1.104837099996925254e+00
7.247247247247247115e-01 1.072613394343412407e+00
7.257257257257256899e-01 1.071324978608586331e+00
7.267267267267266684e-01 1.056280778548591703e+00
7.277277277277277578e-01 1.072265020963407478e+00
7.287287287287287363e-01 1.096903534797839974e+00
7.297297297297297147e-01 1.055540452659961881e+00
7.307307307307306932e-01 1.077229780678124360e+00
7.317317317317316716e-01 1.076097984497388804e+00
7.327327327327327611e-01 1.085548913322188280e+00
7.337337337337337395e-01 1.068635189221671444e+00
7.347347347347347180e-01 1.057497429801350641e+00
7.357357357357356964e-01 1.060319095320125360e+00
7.367367367367367859e-01 1.072041974451163115e+00
7.377377377377377643e-01 1.053178516139854803e+00
7.387387387387387427e-01 1.059047755796827861e+00
7.397397397397397212e-01 1.048170837332921268e+00
7.407407407407406996e-01 1.058078578860569108e+00
7.417417417417417891e-01 1.076820658742247971e+00
7.427427427427427675e-01 1.082304852687759000e+00
7.437437437437437460e-01 1.069502778855000225e+00
7.447447447447447244e-01 1.034602447387417579e+00
7.457457457457457028e-01 1.066076265676234813e+00
7.467467467467467923e-01 1.056076141295308801e+00
7.477477477477477708e-01 1.058389352884517631e+00
7.487487487487487492e-01 1.076352437891934688e+00
7.497497497497497276e-01 1.070958964911765010e+00
7.507507507507507061e-01 1.052327029230238686e+00
7.517517517517517955e-01 1.054267793169055834e+00
7.527527527527527740e-01 1.067994537100990016e+00
7.537537537537537524e-01 1.049873984996358756e+00
7.547547547547547309e-01 1.063887176374190391e+00
7.557557557557557093e-01 1.087728922522806396e+00
7.567567567567567988e-01 1.079183657254332740e+00
7.577577577577577772e-01 1.063121465042289993e+00
7.587587587587587556e-01 1.064217989874994386e+00
7.597597597597597341e-01 1.070714232386869247e+00
7.607607607607607125e-01 1.093328771364394214e+00
7.617617617617618020e-01 1.077956035394949774e+00
7.627627627627627804e-01 1.079766953768859006e+00
7.637637637637637589e-01 1.093554166934644023e+00
7.647647647647647373e-01 1.100399016458895707e+00
7.657657657657657158e-01 1.097449531734270289e+00
7.667667667667668052e-01 1.101439397332307113e+00
7.677677677677677837e-01 1.138718739998527685e+00
7.687687687687687621e-01 1.143760719552344041e+00
7.697697697697697405e-01 1.172920986672231214e+00
7.707707707707707190e-01 1.195828285408977010e+00
7.717717717717718084e-01 1.289609494390348221e+00
7.727727727727727869e-01 1.374247608235220408e+00
7.737737737737737653e-01 1.489253169782879471e+00
7.747747747747747438e-01 1.573155241484560207e+00
7.757757757757757222e-01 1.664744571892044833e+00
7.767767767767768117e-01 1.655574628444475449e+00
7.777777777777777901e-01 1.673955468471052921e+00
7.787787787787787686e-01 1.653875176886283160e+00
7.797797797797797470e-01 1.580268924642656891e+00
7.807807807807807254e-01 1.411227610140772137e+00
7.817817817817818149e-01 1.313140590215595260e+00
7.827827827827827933e-01 1.234537986421032629e+00
7.837837837837837718e-01 1.179188388634570428e+00
7.847847847847847502e-01 1.175582233654003828e+00
7.857857857857857287e-01 1.106274137072810859e+00
7.867867867867868181e-01 1.074908999165036239e+00
7.877877877877877966e-01 1.097647117256670857e+00
7.887887887887887750e-01 1.079900107653465779e+00
7.897897897897897534e-01 1.074994874119828969e+00
7.907907907907907319e-01 1.046286123079466002e+00
7.917917917917918214e-01 1.044037379040814839e+00
7.927927927927927998e-01 1.051977088414976391e+00
7.937937937937937782e-01 1.022940817744361741e+00
7.947947947947947567e-01 1.033945963948315061e+00
7.957957957957957351e-01 1.020130180634937433e+00
7.967967967967968246e-01 1.023004895514477264e+00
7.977977977977978030e-01 1.034199923228266149e+00
7.987987987987987815e-01 1.010145790577154035e+00
7.997997997997997599e-01 1.032683748744695373e+00
8.008008008008007383e-01 1.011808231654175216e+00
8.018018018018018278e-01 1.008627597094563288e+00
8.028028028028028062e-01 1.016042324798234864e+00
8.038038038038037847e-01 1.010956902026431070e+00
8.048048048048047631e-01 9.884626585808954369e-01
8.058058058058058526e-01 9.725148256472624375e-01
8.068068068068068310e-01 9.639773880903373948e-01
8.078078078078078095e-01 9.426440275782617118e-01
8.088088088088087879e-01 9.407380471959191359e-01
8.098098098098097664e-01 9.270687390056672195e-01
8.108108108108108558e-01 8.647814621948284319e-01
8.118118118118118343e-01 8.505776868247175715e-01
8.128128128128128127e-01 7.681348807831517300e-01
8.138138138138137911e-01 6.359866881823580398e-01
8.148148148148147696e-01 3.642110628440357600e-01
8.158158158158158590e-01 1.116916440240243169e-01
8.168168168168168375e-01 7.830805536364059127e-02
8.178178178178178159e-01 8.415146628257216821e-02
8.188188188188187944e-01 3.369179307789217925e-01
8.198198198198197728e-01 6.249863148944607705e-01
8.208208208208208623e-01 7.514904563080100353e-01
8.218218218218218407e-01 8.404796257883692112e-01
8.228228228228228192e-01 8.650445168328755319e-01
8.238238238238237976e-01 8.977733252139494802e-01
8.248248248248247760e-01 8.902085557522325665e-01
8.258258258258258655e-01 9.421786044108261260e-01
8.268268268268268439e-01 9.598820661457536652e-01
8.278278278278278224e-01 9.630850683654271771e-01
8.288288288288288008e-01 9.530719231614465103e-01
8.298298298298297793e-01 9.658245548040984563e-01
8.308308308308308687e-01 9.770943078641265434e-01
8.318318318318318472e-01 9.733632760431494280e-01
8.328328328328328256e-01 9.679846798007781805e-01
8.338338338338338041e-01 9.659050582796983031e-01
8.348348348348347825e-01 9.823389999330635058e-01
8.358358358358358720e-01 9.524874033665270412e-01
8.368368368368368504e-01 9.682926302370978844e-01
8.378378378378378288e-01 9.666047648535885939e-01
8.388388388388388073e-01 9.748106351881813403e-01
8.398398398398397857e-01 9.828976898579026011e-01
8.408408408408408752e-01 9.749294306360773987e-01
8.418418418418418536e-01 9.816226764298257024e-01
8.428428428428428321e-01 9.405774743306516417e-01
8.438438438438438105e-01 9.634336893670095714e-01
8.448448448448447889e-01 9.381095119312367059e-01
8.458458458458458784e-01 9.594086708818401199e-01
8.468468468468468568e-01 9.610378147628960699e-01
8.478478478478478353e-01 9.341079417505824267e-01
8.488488488488488137e-01 9.547931403771183767e-01
8.498498498498497922e-01 9.596843674414713421e-01
8.508508508508508816e-01 9.242802798386423602e-01
8.518518518518518601e-01 9.621887028841824563e-01
8.528528528528528385e-01 9.315408605603410219e-01
8.538538538538538170e-01 9.237312630106380151e-01
8.548548548548547954e-01 9.153445310332505302e-01
8.558558558558558849e-01 9.329200947560798429e-01
8.568568568568568633e-01 9.113125817891952751e-01
8.578578578578578417e-01 8.966018557664990896e-01
8.588588588588588202e-01 9.025642595554608238e-01
8.598598598598597986e-01 8.730987224370866384e-01
8.608608608608608881e-01 8.237516026866795738e-01
8.618618618618618665e-01 8.103700071598596288e-01
8.628628628628628450e-01 7.074814272181877417e-01
8.638638638638638234e-01 5.931076420784489045e-01
8.648648648648649129e-01 3.915258094189322247e-01
8.658658658658658913e-01 7.974358491612087985e-02
8.668668668668668698e-01 -6.569474403144770491e-02
8.678678678678678482e-01 -5.535078836291418281e-02
8.688688688688688266e-01 1.340797068846155682e-03
8.698698698698699161e-01 2.818368159875360712e-01
8.708708708708708945e-01 5.306909931570988892e-01
8.718718718718718730e-01 6.721686749232489433e-01
8.728728728728728514e-01 7.713046077399634548e-01
8.738738738738738299e-01 8.258704432513185312e-01
8.748748748748749193e-01 8.480162007331040197e-01
8.758758758758758978e-01 8.555253903049513386e-01
8.768768768768768762e-01 8.928785307408604321e-01
8.778778778778778547e-01 8.911110303163571889e-01
8.788788788788788331e-01 8.995695254324903578e-01
8.798798798798799226e-01 9.239409054792495635e-01
8.808808808808809010e-01 9.042522847335847658e-01
8.818818818818818794e-01 8.981845790336597801e-01
8.828828828828828579e-01 8.964457773827203546e-01
8.838838838838838363e-01 9.145239906332722768e-01
8.848848848848849258e-01 9.059408406939700731e-01
8.858858858858859042e-01 9.155113872357913962e-01
8.868868868868868827e-01 9.124694733997659180e-01
8.878878878878878611e-01 9.087234611148101715e-01
8.888888888888888395e-01 9.260958827374595748e-01
8.898898898898899290e-01 9.035607533560842120e-01
8.908908908908909074e-01 9.269367627059768022e-01
8.918918918918918859e-01 9.256459004163118953e-01
8.928928928928928643e-01 9.166794885361078116e-01
8.938938938938938428e-01 9.147526054046541955e-01
8.948948948948949322e-01 9.092141564200169057e-01
8.958958958958959107e-01 9.034622243865653157e-01
8.968968968968968891e-01 9.249930731200475265e-01
8.978978978978978676e-01 9.139073751207399399e-01
8.988988988988988460e-01 9.286319143427195222e-01
8.998998998998999355e-01 9.104357952428040468e-01
9.009009009009009139e-01 8.927017180238657756e-01
9.019019019019018923e-01 9.104771001578300105e-01
9.029029029029028708e-01 9.114288283459275331e-01
9.039039039039038492e-01 9.035495073506626396e-01
9.049049049049049387e-01 9.042744724976639059e-01
9.059059059059059171e-01 8.786584577437898114e-01
9.069069069069068956e-01 8.982060825775842750e-01
9.079079079079078740e-01 9.085004191572479959e-01
9.089089089089088525e-01 9.139676189780212567e-01
9.099099099099099419e-01 8.962261067633274791e-01
9.109109109109109204e-01 8.970932567945086866e-01
9.119119119119118988e-01 9.064229886878236719e-01
9.129129129129128772e-01 9.002474577003861667e-01
9.139139139139138557e-01 8.816195693247902421e-01
9.149149149149149451e-01 8.995492756000474932e-01
9.159159159159159236e-01 9.241999833994466451e-01
9.169169169169169020e-01 8.782679235846332366e-01
9.179179179179178805e-01 8.966390892333973017e-01
9.189189189189188589e-01 8.998591597204587123e-01
9.199199199199199484e-01 8.934022345621694949e-01
9.209209209209209268e-01 8.908740028462290850e-01
9.219219219219219053e-01 8.858446773759427462e-01
9.229229229229228837e-01 8.956893706131279220e-01
9.239239239239238621e-01 8.824049049362545638e-01
9.249249249249249516e-01 8.854575350001817613e-01
9.259259259259259300e-01 8.942782412782567247e-01
9.269269269269269085e-01 8.964959423076090950e-01
9.279279279279278869e-01 8.767176045269235996e-01
9.289289289289288654e-01 8.851210016658136448e-01
9.299299299299299548e-01 8.773102593172383834e-01
9.309309309309309333e-01 9.039441898289249933e-01
9.319319319319319117e-01 8.830616004308382561e-01
9.329329329329328901e-01 8.648039158147260430e-01
9.339339339339339796e-01 8.701944186695949046e-01
9.349349349349349581e-01 8.799273372456047904e-01
9.359359359359359365e-01 8.690083861859206893e-01
9.369369369369369149e-01 8.595133854018215391e-01
9.379379379379378934e-01 8.895249367942104080e-01
9.389389389389389828e-01 8.618103016177584008e-01
9.399399399399399613e-01 8.681219420088882588e-01
9.409409409409409397e-01 8.503728889799097024e-01
9.419419419419419182e-01 8.814980008339696749e-01
9.429429429429428966e-01 8.716918136685276597e-01
9.439439439439439861e-01 8.685057320711806472e-01
9.449449449449449645e-01 8.853429890470002617e-01
9.459459459459459429e-01 8.730078732979466016e-01
9.469469469469469214e-01 8.720610353257661762e-01
9.479479479479478998e-01 8.501779692839412927e-01
9.489489489489489893e-01 8.658567865525597096e-01
9.499499499499499677e-01 8.716184262447700393e-01
9.509509509509509462e-01 8.299464817456947419e-01
9.519519519519519246e-01 8.745321205662781594e-01
9.529529529529529031e-01 8.491378985776503185e-01
9.539539539539539925e-01 8.400883450348342052e-01
9.549549549549549710e-01 8.553343106628108483e-01
9.559559559559559494e-01 8.546646384882360392e-01
9.569569569569569278e-01 8.670000866546507812e-01
9.579579579579579063e-01 8.604692636457950128e-01
9.589589589589589957e-01 8.391454008275387455e-01
9.599599599599599742e-01 8.521367599453454345e-01
9.609609609609609526e-01 8.784766815219461344e-01
9.619619619619619311e-01 8.424780724381395469e-01
9.629629629629629095e-01 8.268865968742735717e-01
9.639639639639639990e-01 8.107285083729153241e-01
9.649649649649649774e-01 8.037967187782687484e-01
9.659659659659659559e-01 8.599580774341222256e-01
9.669669669669669343e-01 8.456542003659121010e-01
9.679679679679679127e-01 8.460312306237471880e-01
9.689689689689690022e-01 8.310776553398655508e-01
9.699699699699699806e-01 8.172812823825520434e-01
9.709709709709709591e-01 8.444613006801008348e-01
9.719719719719719375e-01 8.168163934686110128e-01
9.729729729729729160e-01 8.205655216534422092e-01
9.739739739739740054e-01 8.279188641694512629e-01
9.749749749749749839e-01 8.366862306869042865e-01
9.759759759759759623e-01 8.388524030857040792e-01
9.769769769769769407e-01 8.271890893721752791e-01
9.779779779779779192e-01 8.389156304499625350e-01
9.789789789789790087e-01 8.312846991523591411e-01
9.799799799799799871e-01 8.320663359315554342e-01
9.809809809809809655e-01 8.149463008908730544e-01
9.819819819819819440e-01 7.909739568677667254e-01
9.829829829829829224e-01 8.569242401734973313e-01
9.839839839839840119e-01 8.003958686826255775e-01
9.849849849849849903e-01 8.082185358779588880e-01
9.859859859859859688e-01 8.295063230589387882e-01
9.869869869869869472e-01 8.045674970282824523e-01
9.879879879879879256e-01 8.094669630832126428e-01
9.889889889889890151e-01 8.024054525586111764e-01
9.899899899899899935e-01 8.089558147844999603e-01
9.909909909909909720e-01 8.112145526299706644e-01
9.919919919919919504e-01 8.229625442803395474e-01
9.929929929929930399e-01 8.131580687222447201e-01
9.939939939939940183e-01 8.165901751090350880e-01
9.949949949949949968e-01 8.091723401741680588e-01
9.959959959959959752e-01 7.853876822924119594e-01
9.969969969969969537e-01 8.168184844243732146e-01
9.979979979979980431e-01 8.218337184363745385e-01
9.989989989989990216e-01 7.926019923757929853e-01
1.000000000000000000e+00 7.967717412865422677e-01
