0.000000000000000000e+00 4.779778355144383780e-04
1.001001001001000992e-03 4.892529889683031085e-04
2.002002002002001985e-03 5.008888869134199909e-04
3.003003003003002977e-03 5.129002114498067188e-04
4.004004004004003969e-03 5.253023771869469926e-04
5.005005005005004962e-03 5.381115748642550196e-04
6.006006006006005954e-03 5.513448180073654559e-04
7.007007007007006946e-03 5.650199928636913740e-04
8.008008008008007939e-03 5.791559118822346870e-04
9.009009009009008931e-03 5.937723710271011930e-04
1.001001001001000992e-02 6.088902112402953901e-04
1.101101101101101092e-02 6.245313843995785753e-04
1.201201201201201191e-02 6.407190241490640309e-04
1.301301301301301290e-02 6.574775220200222139e-04
1.401401401401401389e-02 6.748326092890673256e-04
1.501501501501501488e-02 6.928114450819248659e-04
1.601601601601601588e-02 7.114427112620502975e-04
1.701701701701701513e-02 7.307567147113808387e-04
1.801801801801801786e-02 7.507854976652261021e-04
1.901901901901902059e-02 7.715629568292445761e-04
2.002002002002001985e-02 7.931249720912339832e-04
2.102102102102101910e-02 8.155095457077426264e-04
2.202202202202202183e-02 8.387569529591113252e-04
2.302302302302302456e-02 8.629099053545694455e-04
2.402402402402402382e-02 8.880137275971339067e-04
2.502502502502502307e-02 9.141165496451642090e-04
2.602602602602602580e-02 9.412695153576029500e-04
2.702702702702702853e-02 9.695270093727100490e-04
2.802802802802802778e-02 9.989469040633848235e-04
2.902902902902902704e-02 1.029590828616405458e-03
3.003003003003002977e-02 1.061524462527983683e-03
3.103103103103103250e-02 1.094817856070706176e-03
3.203203203203203175e-02 1.129545780599438849e-03
3.303303303303303101e-02 1.165788111905252059e-03
3.403403403403403027e-02 1.203630250218432366e-03
3.503503503503503647e-02 1.243163580917120651e-03
3.603603603603603572e-02 1.284485980497953586e-03
3.703703703703703498e-02 1.327702372955919885e-03
3.803803803803804118e-02 1.372925342383720434e-03
3.903903903903904044e-02 1.420275808364142474e-03
4.004004004004003969e-02 1.469883771605455048e-03
4.104104104104103895e-02 1.521889138282496359e-03
4.204204204204203821e-02 1.576442632702188549e-03
4.304304304304304440e-02 1.633706809258510858e-03
4.404404404404404366e-02 1.693857176195933713e-03
4.504504504504504292e-02 1.757083445501787583e-03
4.604604604604604912e-02 1.823590925338595828e-03
4.704704704704704837e-02 1.893602073876785854e-03
4.804804804804804763e-02 1.967358236229071241e-03
4.904904904904904689e-02 2.045121589530122207e-03
5.005005005005004615e-02 2.127177325121293663e-03
5.105105105105105234e-02 2.213836101400528875e-03
5.205205205205205160e-02 2.305436806347645456e-03
5.305305305305305086e-02 2.402349675151363006e-03
5.405405405405405705e-02 2.504979816008770163e-03
5.505505505505505631e-02 2.613771206240368076e-03
5.605605605605605557e-02 2.729211231709610316e-03
5.705705705705705483e-02 2.851835855511036192e-03
5.805805805805805409e-02 2.982235517489975531e-03
5.905905905905906028e-02 3.121061884950127995e-03
6.006006006006005954e-02 3.269035597652641782e-03
6.106106106106105880e-02 3.426955177818118495e-03
6.206206206206206499e-02 3.595707309502469730e-03
6.306306306306305731e-02 3.776278732900463942e-03
6.406406406406406351e-02 3.969770049737439063e-03
6.506506506506506970e-02 4.177411798359471212e-03
6.606606606606606202e-02 4.400583234543477967e-03
6.706706706706706822e-02 4.640834350458725339e-03
6.806806806806806054e-02 4.899911784861947853e-03
6.906906906906906674e-02 5.179789429379970563e-03
7.007007007007007293e-02 5.482704727652705154e-03
7.107107107107106525e-02 5.811201908185829705e-03
7.207207207207207145e-02 6.168183703953259225e-03
7.307307307307307764e-02 6.556973513597225307e-03
7.407407407407406996e-02 6.981390479550831848e-03
7.507507507507507616e-02 7.445840637181704545e-03
7.607607607607608236e-02 7.955428180625216672e-03
7.707707707707707467e-02 8.516092070881421672e-03
7.807807807807808087e-02 9.134774785697127170e-03
7.907907907907907319e-02 9.819632128004695398e-03
8.008008008008007939e-02 1.058029588320189875e-02
8.108108108108108558e-02 1.142820505232737885e-02
8.208208208208207790e-02 1.237702683574547907e-02
8.308308308308308410e-02 1.344319616056212710e-02
8.408408408408407642e-02 1.464661332095698425e-02
8.508508508508508261e-02 1.601155472715825104e-02
8.608608608608608881e-02 1.756787412891243697e-02
8.708708708708708113e-02 1.935260456764769516e-02
8.808808808808808732e-02 2.141212038108636362e-02
8.908908908908909352e-02 2.380509296096167474e-02
9.009009009009008584e-02 2.660658862578783174e-02
9.109109109109109204e-02 2.991383697457231788e-02
9.209209209209209823e-02 3.385448622242764882e-02
9.309309309309309055e-02 3.859863292698770959e-02
9.409409409409409675e-02 4.437670030509089508e-02
9.509509509509508907e-02 5.150658469490793784e-02
9.609609609609609526e-02 6.043584541894141127e-02
9.709709709709710146e-02 7.180893467376224526e-02
9.809809809809809378e-02 8.657718114061223325e-02
9.909909909909909997e-02 1.061834995767796802e-01
1.001001001001000923e-01 1.328797574548497284e-01
1.011011011011010985e-01 1.702777507438369975e-01
1.021021021021021047e-01 2.242777837856119172e-01
1.031031031031030970e-01 3.043674369229367738e-01
1.041041041041041032e-01 4.236095804060130976e-01
1.051051051051051094e-01 5.850660401449232495e-01
1.061061061061061017e-01 7.137197501317860127e-01
1.071071071071071079e-01 7.256116992514418662e-01
1.081081081081081141e-01 7.255818410013400444e-01
1.091091091091091064e-01 7.251070446758668409e-01
1.101101101101101126e-01 6.550882586554490628e-01
1.111111111111111049e-01 4.902300525510961959e-01
1.121121121121121111e-01 3.507263874654598657e-01
1.131131131131131173e-01 2.550992389505522540e-01
1.141141141141141097e-01 1.910369321589471536e-01
1.151151151151151159e-01 1.472135357844067127e-01
1.161161161161161082e-01 1.163216942883819882e-01
1.171171171171171144e-01 9.388887927196941374e-02
1.181181181181181206e-01 7.715421553574443314e-02
1.191191191191191129e-01 6.437039613185822906e-02
1.201201201201201191e-01 5.439957688193578639e-02
1.211211211211211253e-01 4.647982393035518522e-02
1.221221221221221176e-01 4.008753349270241517e-02
1.231231231231231238e-01 3.485430462112291267e-02
1.241241241241241300e-01 3.051536406670616111e-02
1.251251251251251362e-01 2.687673569090628933e-02
1.261261261261261146e-01 2.379383291471662276e-02
1.271271271271271208e-01 2.115718557637357930e-02
1.281281281281281270e-01 1.888272689727205078e-02
1.291291291291291332e-01 1.690505848918427007e-02
1.301301301301301394e-01 1.517269928130902598e-02
1.311311311311311179e-01 1.364468058699549839e-02
1.321321321321321240e-01 1.228807016285399061e-02
1.331331331331331302e-01 1.107614748479024414e-02
1.341341341341341364e-01 9.987042168862690986e-03
1.351351351351351426e-01 9.002706216953709414e-03
1.361361361361361211e-01 8.108129878769342394e-03
1.371371371371371273e-01 7.290737356426581217e-03
1.381381381381381335e-01 6.539916699406816969e-03
1.391391391391391397e-01 5.846650825650312119e-03
1.401401401401401459e-01 5.203225457502095794e-03
1.411411411411411521e-01 4.602996059780324611e-03
1.421421421421421305e-01 4.040200397195145565e-03
1.431431431431431367e-01 3.509806619464947083e-03
1.441441441441441429e-01 3.007389196257466077e-03
1.451451451451451491e-01 2.529026810014261151e-03
1.461461461461461553e-01 2.071217646893780493e-03
1.471471471471471337e-01 1.630808527106576353e-03
1.481481481481481399e-01 1.204935073117024882e-03
1.491491491491491461e-01 7.909706900900415321e-04
1.501501501501501523e-01 3.864825728831068966e-04
1.511511511511511585e-01 -1.080670925294131482e-05
1.521521521521521647e-01 -4.030532411648970310e-04
1.531531531531531432e-01 -7.923223976471584001e-04
1.541541541541541493e-01 -1.180616932276257495e-03
1.551551551551551555e-01 -1.569903254991297922e-03
1.561561561561561617e-01 -1.962136556102046965e-03
1.571571571571571679e-01 -2.359285383338466466e-03
1.581581581581581464e-01 -2.763356251302258315e-03
1.591591591591591526e-01 -3.176418857519297187e-03
1.601601601601601588e-01 -3.600632495654095769e-03
1.611611611611611650e-01 -4.038274295042540429e-03
1.621621621621621712e-01 -4.491769978372940446e-03
1.631631631631631496e-01 -4.963727919369964950e-03
1.641641641641641558e-01 -5.456977404536443414e-03
1.651651651651651620e-01 -5.974612164161645887e-03
1.661661661661661682e-01 -6.520040447205934994e-03
1.671671671671671744e-01 -7.097043184793198033e-03
1.681681681681681528e-01 -7.709842134691829475e-03
1.691691691691691590e-01 -8.363180346839598281e-03
1.701701701701701652e-01 -9.062417868005222948e-03
1.711711711711711714e-01 -9.813646353086607349e-03
1.721721721721721776e-01 -1.062382722712253147e-02
1.731731731731731838e-01 -1.150095932233043475e-02
1.741741741741741623e-01 -1.245428360394926909e-02
1.751751751751751685e-01 -1.349453484439407276e-02
1.761761761761761746e-01 -1.463425311370534360e-02
1.771771771771771808e-01 -1.588817201832094100e-02
1.781781781781781870e-01 -1.727370615913688748e-02
1.791791791791791655e-01 -1.881156790057166364e-02
1.801801801801801717e-01 -2.052655413313267396e-02
1.811811811811811779e-01 -2.244855858810299379e-02
1.821821821821821841e-01 -2.461388639661062777e-02
1.831831831831831903e-01 -2.706697797256874330e-02
1.841841841841841965e-01 -2.986269355495008854e-02
1.851851851851851749e-01 -3.306937508321718122e-02
1.861861861861861811e-01 -3.677299994975249953e-02
1.871871871871871873e-01 -4.108289004014971380e-02
1.881881881881881935e-01 -4.613966961507912079e-02
1.891891891891891997e-01 -5.212652750437780230e-02
1.901901901901901781e-01 -5.928541842526732081e-02
1.911911911911911843e-01 -6.794078260584258955e-02
1.921921921921921905e-01 -7.853493010016336651e-02
1.931931931931931967e-01 -9.168188001466236192e-02
1.941941941941942029e-01 -1.082509601954059764e-01
1.951951951951951814e-01 -1.294992042019229572e-01
1.961961961961961876e-01 -1.572845422727978948e-01
1.971971971971971938e-01 -1.944116774849211637e-01
1.981981981981981999e-01 -2.451835367234019292e-01
1.991991991991992061e-01 -3.162012166976954641e-01
2.002002002002001846e-01 -4.170839049330094528e-01
2.012012012012011908e-01 -5.586379977368246541e-01
2.022022022022021970e-01 -7.364605752380334325e-01
2.032032032032032032e-01 -8.742077459031746267e-01
2.042042042042042094e-01 -8.920844680408103189e-01
2.052052052052052156e-01 -8.921017221743882120e-01
2.062062062062061940e-01 -8.921180990950957623e-01
2.072072072072072002e-01 -8.763205119924580844e-01
2.082082082082082064e-01 -7.420693737989737526e-01
2.092092092092092126e-01 -5.638035715699906136e-01
2.102102102102102188e-01 -4.209354414391121013e-01
2.112112112112111972e-01 -3.189922159797256573e-01
2.122122122122122034e-01 -2.472532161706041676e-01
2.132132132132132096e-01 -1.960083084902098649e-01
2.142142142142142158e-01 -1.585719071919036161e-01
2.152152152152152220e-01 -1.305837987136276857e-01
2.162162162162162282e-01 -1.092028937805846062e-01
2.172172172172172067e-01 -9.254830904302269179e-02
2.182182182182182129e-01 -7.934835506630834312e-02
2.192192192192192191e-01 -6.872417182047595163e-02
2.202202202202202252e-01 -6.005541611357237408e-02
2.212212212212212314e-01 -5.289550108070012469e-02
2.222222222222222099e-01 -4.691704335485992472e-02
2.232232232232232161e-01 -4.187603199323756964e-02
2.242242242242242223e-01 -3.758782369569536874e-02
2.252252252252252285e-01 -3.391075596632844164e-02
2.262262262262262347e-01 -3.073476200360626687e-02
2.272272272272272131e-01 -2.797332998439716958e-02
2.282282282282282193e-01 -2.555773732321064973e-02
2.292292292292292255e-01 -2.343285755907476703e-02
2.302302302302302317e-01 -2.155407081828481300e-02
2.312312312312312379e-01 -1.988495963095027533e-02
2.322322322322322163e-01 -1.839557099187990111e-02
2.332332332332332225e-01 -1.706109169432930284e-02
2.342342342342342287e-01 -1.586082874377786264e-02
2.352352352352352349e-01 -1.477741739294204278e-02
2.362362362362362411e-01 -1.379620070634716283e-02
2.372372372372372473e-01 -1.290473959834993745e-02
2.382382382382382258e-01 -1.209242298974567455e-02
2.392392392392392320e-01 -1.135015542649475857e-02
2.402402402402402382e-01 -1.067010509854528742e-02
2.412412412412412444e-01 -1.004549930115744907e-02
2.422422422422422505e-01 -9.470457419654741346e-03
2.432432432432432290e-01 -8.939853787220007272e-03
2.442442442442442352e-01 -8.449204472986263093e-03
2.452452452452452414e-01 -7.994573352865195007e-03
2.462462462462462476e-01 -7.572493805106259891e-03
2.472472472472472538e-01 -7.179903133841671753e-03
2.482482482482482600e-01 -6.814087413373253084e-03
2.492492492492492384e-01 -6.472634905319281894e-03
2.502502502502502724e-01 -6.153396560831459611e-03
2.512512512512512508e-01 -5.854452403981304578e-03
2.522522522522522292e-01 -5.574082817440717715e-03
2.532532532532532632e-01 -5.310743930887774564e-03
2.542542542542542416e-01 -5.063046456150954548e-03
2.552552552552552756e-01 -4.829737428629461531e-03
2.562562562562562540e-01 -4.609684407906520370e-03
2.572572572572572325e-01 -4.401861766281784522e-03
2.582582582582582664e-01 -4.205338755745219315e-03
2.592592592592592449e-01 -4.019269094515315506e-03
2.602602602602602788e-01 -3.842881855820415651e-03
2.612612612612612573e-01 -3.675473475905048290e-03
2.622622622622622357e-01 -3.516400726617088801e-03
2.632632632632632697e-01 -3.365074521514791438e-03
2.642642642642642481e-01 -3.220954444081175743e-03
2.652652652652652820e-01 -3.083543903062707734e-03
2.662662662662662605e-01 -2.952385833733625186e-03
2.672672672672672389e-01 -2.827058875476637714e-03
2.682682682682682729e-01 -2.707173965853272579e-03
2.692692692692692513e-01 -2.592371299608036729e-03
2.702702702702702853e-01 -2.482317608078171093e-03
2.712712712712712637e-01 -2.376703720438782391e-03
2.722722722722722422e-01 -2.275242373312764618e-03
2.732732732732732761e-01 -2.177666239618999532e-03
2.742742742742742545e-01 -2.083726151258356255e-03
2.752752752752752885e-01 -1.993189493438954872e-03
2.762762762762762669e-01 -1.905838751187395900e-03
2.772772772772773009e-01 -1.821470190969523345e-03
2.782782782782782793e-01 -1.739892662385502829e-03
2.792792792792792578e-01 -1.660926506679071598e-03
2.802802802802802917e-01 -1.584402560332783157e-03
2.812812812812812702e-01 -1.510161243347018199e-03
2.822822822822823041e-01 -1.438051722960411241e-03
2.832832832832832826e-01 -1.367931144567818402e-03
2.842842842842842610e-01 -1.299663922464565835e-03
2.852852852852852950e-01 -1.233121083802544982e-03
2.862862862862862734e-01 -1.168179659802016934e-03
2.872872872872873073e-01 -1.104722118831311583e-03
2.882882882882882858e-01 -1.042635836459624961e-03
2.892892892892892642e-01 -9.818125980166989702e-04
2.902902902902902982e-01 -9.221481295510331171e-04
2.912912912912912766e-01 -8.635416533942615524e-04
2.922922922922923106e-01 -8.058954647949626579e-04
2.932932932932932890e-01 -7.491145263022198474e-04
2.942942942942942675e-01 -6.931060767534579468e-04
2.952952952952953014e-01 -6.377792518515141380e-04
2.962962962962962798e-01 -5.830447134168568503e-04
2.972972972972973138e-01 -5.288142844571255613e-04
2.982982982982982922e-01 -4.750005872219202857e-04
2.992992992992992707e-01 -4.215166814004510723e-04
3.003003003003003046e-01 -3.682756995696746436e-04
3.013013013013012831e-01 -3.151904769127617466e-04
3.023023023023023170e-01 -2.621731721043400417e-04
3.033033033033032955e-01 -2.091348760807302393e-04
3.043043043043043294e-01 -1.559852052024501162e-04
3.053053053053053079e-01 -1.026318750333218160e-04
3.063063063063062863e-01 -4.898025063850152566e-05
3.073073073073073203e-01 5.067131105576499746e-06
3.083083083083082987e-01 5.961107216663426344e-05
3.093093093093093326e-01 1.147562625273730065e-04
3.103103103103103111e-01 1.706118740845411668e-04
3.113113113113112895e-01 2.272922062835986334e-04
3.123123123123123235e-01 2.849173914205789830e-04
3.133133133133133019e-01 3.436141686417967149e-04
3.143143143143143359e-01 4.035167369577817771e-04
3.153153153153153143e-01 4.647676991038557966e-04
3.163163163163162928e-01 5.275191098824512847e-04
3.173173173173173267e-01 5.919336447335495337e-04
3.183183183183183051e-01 6.581859067980438136e-04
3.193193193193193391e-01 7.264638937257596315e-04
3.203203203203203175e-01 7.969706490272349857e-04
3.213213213213212960e-01 8.699261270205401689e-04
3.223223223223223299e-01 9.455693054980646162e-04
3.233233233233233084e-01 1.024160586344167101e-03
3.243243243243243423e-01 1.105984531685013468e-03
3.253253253253253208e-01 1.191352992042816940e-03
3.263263263263262992e-01 1.280608693743880838e-03
3.273273273273273332e-01 1.374129365975633021e-03
3.283283283283283116e-01 1.472332503927549453e-03
3.293293293293293456e-01 1.575680884172445421e-03
3.303303303303303240e-01 1.684688972732470468e-03
3.313313313313313024e-01 1.799930396359303167e-03
3.323323323323323364e-01 1.922046684980314394e-03
3.333333333333333148e-01 2.051757540036924874e-03
3.343343343343343488e-01 2.189872942216650447e-03
3.353353353353353272e-01 2.337307486300876577e-03
3.363363363363363057e-01 2.495097425132372388e-03
3.373373373373373396e-01 2.664421025141050416e-03
3.383383383383383181e-01 2.846622990676638421e-03
3.393393393393393520e-01 3.043243914664100266e-03
3.403403403403403304e-01 3.256055973941030576e-03
3.413413413413413644e-01 3.487106429813530487e-03
3.423423423423423428e-01 3.738770946619889447e-03
3.433433433433433213e-01 4.013819343641533699e-03
3.443443443443443552e-01 4.315497205253717404e-03
3.453453453453453337e-01 4.647627871680508685e-03
3.463463463463463676e-01 5.014740834661629044e-03
3.473473473473473461e-01 5.422234638711470600e-03
3.483483483483483245e-01 5.876585290167529903e-03
3.493493493493493585e-01 6.385615277684286890e-03
3.503503503503503369e-01 6.958844177201788453e-03
3.513513513513513709e-01 7.607950325305861718e-03
3.523523523523523493e-01 8.347385562384358401e-03
3.533533533533533277e-01 9.195203740867949338e-03
3.543543543543543617e-01 1.017419207676015930e-02
3.553553553553553401e-01 1.131343829504892137e-02
3.563563563563563741e-01 1.265053566720587309e-02
3.573573573573573525e-01 1.423473935998141766e-02
3.583583583583583310e-01 1.613157093686991284e-02
3.593593593593593649e-01 1.842967786345282855e-02
3.603603603603603434e-01 2.125129369517715291e-02
3.613613613613613773e-01 2.476861048552090119e-02
3.623623623623623557e-01 2.923016616687224012e-02
3.633633633633633342e-01 3.500479826841176867e-02
3.643643643643643681e-01 4.265763240362795139e-02
3.653653653653653466e-01 5.308707055745397890e-02
3.663663663663663805e-01 6.778351463580155334e-02
3.673673673673673590e-01 8.934292633650672832e-02
3.683683683683683929e-01 1.225346613854633865e-01
3.693693693693693714e-01 1.765604952563108454e-01
3.703703703703703498e-01 2.691912886587277676e-01
3.713713713713713838e-01 4.247093969899350396e-01
3.723723723723723622e-01 5.754136664755630237e-01
3.733733733733733962e-01 5.831556545576072059e-01
3.743743743743743746e-01 5.831732266164449952e-01
3.753753753753753530e-01 5.051215744009187603e-01
3.763763763763763870e-01 3.280205060175955811e-01
3.773773773773773654e-01 2.106411519941171484e-01
3.783783783783783994e-01 1.428639275439418654e-01
3.793793793793793778e-01 1.022608809849663708e-01
3.803803803803803563e-01 7.652372609482063770e-02
3.813813813813813902e-01 5.934917070026435315e-02
3.823823823823823687e-01 4.738381979772979952e-02
3.833833833833834026e-01 3.874573721012554428e-02
3.843843843843843811e-01 3.232341057906946286e-02
3.853853853853853595e-01 2.742999540364607011e-02
3.863863863863863934e-01 2.362410233825359279e-02
3.873873873873873719e-01 2.061231369088499174e-02
3.883883883883884058e-01 1.819377548503027173e-02
3.893893893893893843e-01 1.622744703308016956e-02
3.903903903903903627e-01 1.461205947318682495e-02
3.913913913913913967e-01 1.327346857092369034e-02
3.923923923923923751e-01 1.215645272194811402e-02
3.933933933933934091e-01 1.121926277564559184e-02
3.943943943943943875e-01 1.042992088902163980e-02
3.953953953953953659e-01 9.763657845545359662e-03
3.963963963963963999e-01 9.201107642453182703e-03
3.973973973973973783e-01 8.727015892987959045e-03
3.983983983983984123e-01 8.329303340162637348e-03
3.993993993993993907e-01 7.998379098579873336e-03
4.004004004004003692e-01 7.726632486852130430e-03
4.014014014014014031e-01 7.508054739980896120e-03
4.024024024024023816e-01 7.337956855361977074e-03
4.034034034034034155e-01 7.212760000514495048e-03
4.044044044044043940e-01 7.129841968768737583e-03
4.054054054054054279e-01 7.087428181284097760e-03
4.064064064064064064e-01 7.084519400500339549e-03
4.074074074074073848e-01 7.120851113747796862e-03
4.084084084084084187e-01 7.196881798202129851e-03
4.094094094094093972e-01 7.313809238336156475e-03
4.104104104104104311e-01 7.473615939420580681e-03
4.114114114114114096e-01 7.679146657375784425e-03
4.124124124124123880e-01 7.934223353313523200e-03
4.134134134134134220e-01 8.243805733504493138e-03
4.144144144144144004e-01 8.614209291760117210e-03
4.154154154154154344e-01 9.053397915823265668e-03
4.164164164164164128e-01 9.571375372185463026e-03
4.174174174174173912e-01 1.018071044576904748e-02
4.184184184184184252e-01 1.089724590516033542e-02
4.194194194194194036e-01 1.174106454461928441e-02
4.204204204204204376e-01 1.273782081511637410e-02
4.214214214214214160e-01 1.392060149194121813e-02
4.224224224224223945e-01 1.533256622192627136e-02
4.234234234234234284e-01 1.703076101325581501e-02
4.244244244244244069e-01 1.909173496748357499e-02
4.254254254254254408e-01 2.161999721567672492e-02
4.264264264264264193e-01 2.476106944080499334e-02
4.274274274274273977e-01 2.872220181273388989e-02
4.284284284284284317e-01 3.380630922918344966e-02
4.294294294294294101e-01 4.046960734051877756e-02
4.304304304304304440e-01 4.942363121963744277e-02
4.314314314314314225e-01 6.182460584580323770e-02
4.324324324324324564e-01 7.964468803965193966e-02
4.334334334334334349e-01 1.064461172436510644e-01
4.344344344344344133e-01 1.491053456591228399e-01
4.354354354354354473e-01 2.218618133484658028e-01
4.364364364364364257e-01 3.553413769270239442e-01
4.374374374374374597e-01 5.995513865041925960e-01
4.384384384384384381e-01 8.153501558588951426e-01
4.394394394394394165e-01 8.177855957059361192e-01
4.404404404404404505e-01 8.036549906051303482e-01
4.414414414414414289e-01 5.467916838410673552e-01
4.424424424424424629e-01 3.247181177335771718e-01
4.434434434434434413e-01 2.054667458203899844e-01
4.444444444444444198e-01 1.396750925215837213e-01
4.454454454454454537e-01 1.005753640078421302e-01
4.464464464464464322e-01 7.572575158554348262e-02
4.474474474474474661e-01 5.904487400581061307e-02
4.484484484484484446e-01 4.734275350506499114e-02
4.494494494494494230e-01 3.883382138985153054e-02
4.504504504504504570e-01 3.246140674979259427e-02
4.514514514514514354e-01 2.757004343842590563e-02
4.524524524524524693e-01 2.373658032745878249e-02
4.534534534534534478e-01 2.067837221824456173e-02
4.544544544544544262e-01 1.820100322422576328e-02
4.554554554554554602e-01 1.616729441825919336e-02
4.564564564564564386e-01 1.447827039439315497e-02
4.574574574574574726e-01 1.306110221173932204e-02
4.584584584584584510e-01 1.186125740862094269e-02
4.594594594594594295e-01 1.083726296929597190e-02
4.604604604604604634e-01 9.957134451317607715e-03
4.614614614614614418e-01 9.195892956744715352e-03
4.624624624624624758e-01 8.533807668882469402e-03
4.634634634634634542e-01 7.955131767816418786e-03
4.644644644644644327e-01 7.447179795124955412e-03
4.654654654654654666e-01 6.999645154881488363e-03
4.664664664664664451e-01 6.604089011042794770e-03
4.674674674674674790e-01 6.253553193932523055e-03
4.684684684684684575e-01 5.942263966123721534e-03
4.694694694694694914e-01 5.665403141825313925e-03
4.704704704704704699e-01 5.418929681939590147e-03
4.714714714714714483e-01 5.199439504401046248e-03
4.724724724724724823e-01 5.004054507029249282e-03
4.734734734734734607e-01 4.830334125697015660e-03
4.744744744744744946e-01 4.676204429330792917e-03
4.754754754754754731e-01 4.539900977821227125e-03
4.764764764764764515e-01 4.419922571146512637e-03
4.774774774774774855e-01 4.314993689133723651e-03
4.784784784784784639e-01 4.224033925185838832e-03
4.794794794794794979e-01 4.146133099145304576e-03
4.804804804804804763e-01 4.080531026568625860e-03
4.814814814814814548e-01 4.026601147350332768e-03
4.824824824824824887e-01 3.983837392892118634e-03
4.834834834834834671e-01 3.951843810405775495e-03
4.844844844844845011e-01 3.930326574849751613e-03
4.854854854854854795e-01 3.919088110528108626e-03
4.864864864864864580e-01 3.918023121018071944e-03
4.874874874874874919e-01 3.927116392172805108e-03
4.884884884884884704e-01 3.946442292047502159e-03
4.894894894894895043e-01 3.976165946713955748e-03
4.904904904904904828e-01 4.016546124874928285e-03
4.914914914914914612e-01 4.067939919560860200e-03
4.924924924924924952e-01 4.130809374794743027e-03
4.934934934934934736e-01 4.205730271942991101e-03
4.944944944944945076e-01 4.293403368118993944e-03
4.954954954954954860e-01 4.394668471768768160e-03
4.964964964964965199e-01 4.510521853940278707e-03
4.974974974974974984e-01 4.642137634732127274e-03
4.984984984984984768e-01 4.790893962345267772e-03
4.994994994994995108e-01 4.958405029351665126e-03
5.005005005005005447e-01 5.146560263980062312e-03
5.015015015015015232e-01 5.357572416160851989e-03
5.025025025025025016e-01 5.594036760201446211e-03
5.035035035035034801e-01 5.859004301970085343e-03
5.045045045045044585e-01 6.156072769861787447e-03
5.055055055055055480e-01 6.489500372868044209e-03
5.065065065065065264e-01 6.864348951198026745e-03
5.075075075075075048e-01 7.286665407113450052e-03
5.085085085085084833e-01 7.763713453508856548e-03
5.095095095095094617e-01 8.304272153472720339e-03
5.105105105105105512e-01 8.919024046285275314e-03
5.115115115115115296e-01 9.621064783392668796e-03
5.125125125125125081e-01 1.042657956071524512e-02
5.135135135135134865e-01 1.135575148923251461e-02
5.145145145145144649e-01 1.243399702634958963e-02
5.155155155155155544e-01 1.369366965233529722e-02
5.165165165165165329e-01 1.517644509065728224e-02
5.175175175175175113e-01 1.693671661107846310e-02
5.185185185185184897e-01 1.904651727086552684e-02
5.195195195195194682e-01 2.160280129272472774e-02
5.205205205205205576e-01 2.473845915877700974e-02
5.215215215215215361e-01 2.863940168196785555e-02
5.225225225225225145e-01 3.357180561340313701e-02
5.235235235235234930e-01 3.992694302842565018e-02
5.245245245245244714e-01 4.829757079701211403e-02
5.255255255255255609e-01 5.961328682230004894e-02
5.265265265265265393e-01 7.539089844591218004e-02
5.275275275275275177e-01 9.821889167594936854e-02
5.285285285285284962e-01 1.327337639472228603e-01
5.295295295295294746e-01 1.876107778088214328e-01
5.305305305305305641e-01 2.791125068087990102e-01
5.315315315315315425e-01 4.306861996664849701e-01
5.325325325325325210e-01 6.041384839665773221e-01
5.335335335335334994e-01 6.285245676715089935e-01
5.345345345345344779e-01 6.285160580003984476e-01
5.355355355355355673e-01 5.989335384591490952e-01
5.365365365365365458e-01 4.222444241247327867e-01
5.375375375375375242e-01 2.737185269299664547e-01
5.385385385385385026e-01 1.843795866109918524e-01
5.395395395395394811e-01 1.307000483450656003e-01
5.405405405405405705e-01 9.685142380516861826e-02
5.415415415415415490e-01 7.440935518035392271e-02
5.425425425425425274e-01 5.886427369851061214e-02
5.435435435435435059e-01 4.769293519707237805e-02
5.445445445445444843e-01 3.941355710255699252e-02
5.455455455455455738e-01 3.311623953206872112e-02
5.465465465465465522e-01 2.821979351144152451e-02
5.475475475475475307e-01 2.434000711147676563e-02
5.485485485485485091e-01 2.121516030323697399e-02
5.495495495495495986e-01 1.866223904489276025e-02
5.505505505505505770e-01 1.655028357061400293e-02
5.515515515515515554e-01 1.478365412925043872e-02
5.525525525525525339e-01 1.329122837762019942e-02
5.535535535535535123e-01 1.201925269108857809e-02
5.545545545545546018e-01 1.092650485811230178e-02
5.555555555555555802e-01 9.980954364706558571e-03
5.565565565565565587e-01 9.157414280949238705e-03
5.575575575575575371e-01 8.435862791958868845e-03
5.585585585585585155e-01 7.800225153082751377e-03
5.595595595595596050e-01 7.237477466286506775e-03
5.605605605605605835e-01 6.736978820513342403e-03
5.615615615615615619e-01 6.289967747266125321e-03
5.625625625625625403e-01 5.889178434027584827e-03
5.635635635635635188e-01 5.528545264873767177e-03
5.645645645645646082e-01 5.202973230078060396e-03
5.655655655655655867e-01 4.908157964407550145e-03
5.665665665665665651e-01 4.640443538471811583e-03
5.675675675675675436e-01 4.396709228156131521e-03
5.685685685685685220e-01 4.174278714708485986e-03
5.695695695695696115e-01 3.970846785225122869e-03
5.705705705705705899e-01 3.784419788963268652e-03
5.715715715715715683e-01 3.613266982341191424e-03
5.725725725725725468e-01 3.455880550509164879e-03
5.735735735735735252e-01 3.310942586419074636e-03
5.745745745745746147e-01 3.177297682360662699e-03
5.755755755755755931e-01 3.053930074791105873e-03
5.765765765765765716e-01 2.939944503301023145e-03
5.775775775775775500e-01 2.834550115035908233e-03
5.785785785785785285e-01 2.737046878821090476e-03
5.795795795795796179e-01 2.646814077535139271e-03
5.805805805805805964e-01 2.563300529573553973e-03
5.815815815815815748e-01 2.486016255564948724e-03
5.825825825825825532e-01 2.414525358615327369e-03
5.835835835835835317e-01 2.348439928163569782e-03
5.845845845845846211e-01 2.287414811243550401e-03
5.855855855855855996e-01 2.231143122267132285e-03
5.865865865865865780e-01 2.179352384704057091e-03
5.875875875875875565e-01 2.131801216268019127e-03
5.885885885885885349e-01 2.088276484234792042e-03
5.895895895895896244e-01 2.048590869954447329e-03
5.905905905905906028e-01 2.012580792004799776e-03
5.915915915915915813e-01 1.980104646143246439e-03
5.925925925925925597e-01 1.951041327606753504e-03
5.935935935935935381e-01 1.925289007633177677e-03
5.945945945945946276e-01 1.902764141557787558e-03
5.955955955955956060e-01 1.883400690663482270e-03
5.965965965965965845e-01 1.867149544268761809e-03
5.975975975975975629e-01 1.853978132492361749e-03
5.985985985985985414e-01 1.843870223808220278e-03
5.995995995995996308e-01 1.836825905059437380e-03
6.006006006006006093e-01 1.832861745099068898e-03
6.016016016016015877e-01 1.832011146796151983e-03
6.026026026026025662e-01 1.834324895880300524e-03
6.036036036036035446e-01 1.839871919122448808e-03
6.046046046046046341e-01 1.848740268782563022e-03
6.056056056056056125e-01 1.861038355251064865e-03
6.066066066066065909e-01 1.876896455533402092e-03
6.076076076076075694e-01 1.896468531894676202e-03
6.086086086086086588e-01 1.919934402837601261e-03
6.096096096096096373e-01 1.947502317949289120e-03
6.106106106106106157e-01 1.979411999408034126e-03
6.116116116116115942e-01 2.015938226579910755e-03
6.126126126126125726e-01 2.057395056784304312e-03
6.136136136136136621e-01 2.104140795745020661e-03
6.146146146146146405e-01 2.156583856512296962e-03
6.156156156156156189e-01 2.215189677031172664e-03
6.166166166166165974e-01 2.280488905787019828e-03
6.176176176176175758e-01 2.353087114293349325e-03
6.186186186186186653e-01 2.433676357592384158e-03
6.196196196196196437e-01 2.523048983310669392e-03
6.206206206206206222e-01 2.622114191423105273e-03
6.216216216216216006e-01 2.731917977760033034e-03
6.226226226226225791e-01 2.853667264051174858e-03
6.236236236236236685e-01 2.988759238979816959e-03
6.246246246246246470e-01 3.138817226391267187e-03
6.256256256256256254e-01 3.305734783516110342e-03
6.266266266266266038e-01 3.491730249030254932e-03
6.276276276276275823e-01 3.699414657871497123e-03
6.286286286286286717e-01 3.931876888413675039e-03
6.296296296296296502e-01 4.192791211326601583e-03
6.306306306306306286e-01 4.486554219863270188e-03
6.316316316316316071e-01 4.818460663367995188e-03
6.326326326326325855e-01 5.194931317791223746e-03
6.336336336336336750e-01 5.623811224998520077e-03
6.346346346346346534e-01 6.114764215973487321e-03
6.356356356356356319e-01 6.679800860367399347e-03
6.366366366366366103e-01 7.333993873731400187e-03
6.376376376376375887e-01 8.096460860517058419e-03
6.386386386386386782e-01 8.991734574126676247e-03
6.396396396396396566e-01 1.005170501615902830e-02
6.406406406406406351e-01 1.131842207860845467e-02
6.416416416416416135e-01 1.284822151558193473e-02
6.426426426426425920e-01 1.471793530524332684e-02
6.436436436436436814e-01 1.703447402152900164e-02
6.446446446446446599e-01 1.995002972945170844e-02
6.456456456456456383e-01 2.368696732279740313e-02
6.466466466466466168e-01 2.858006179582970804e-02
6.476476476476475952e-01 3.515115232429311815e-02
6.486486486486486847e-01 4.424738492896448244e-02
6.496496496496496631e-01 5.731111435907618179e-02
6.506506506506506415e-01 7.693861680346944509e-02
6.516516516516516200e-01 1.081067773993693720e-01
6.526526526526525984e-01 1.609616645108775113e-01
6.536536536536536879e-01 2.564039235200997746e-01
6.546546546546546663e-01 4.217178079360115461e-01
6.556556556556556448e-01 5.391520579540851621e-01
6.566566566566566232e-01 5.396000691947963057e-01
6.576576576576576016e-01 5.307935583434949534e-01
6.586586586586586911e-01 3.708370126260477351e-01
6.596596596596596696e-01 2.247544499586509592e-01
6.606606606606606480e-01 1.436190071500454690e-01
6.616616616616616264e-01 9.803128167767738432e-02
6.626626626626626049e-01 7.063861440647249690e-02
6.636636636636636943e-01 5.310125390987562727e-02
6.646646646646646728e-01 4.126628448716519737e-02
6.656656656656656512e-01 3.292927940266637821e-02
6.666666666666666297e-01 2.684614768615712840e-02
6.676676676676676081e-01 2.227622206225748566e-02
6.686686686686686976e-01 1.875795165552259641e-02
6.696696696696696760e-01 1.599229813754530355e-02
6.706706706706706544e-01 1.377893634497174766e-02
6.716716716716716329e-01 1.197974154994448093e-02
6.726726726726726113e-01 1.049705431229006752e-02
6.736736736736737008e-01 9.260287475760070955e-03
6.746746746746746792e-01 8.217418417893170360e-03
6.756756756756756577e-01 7.329436784348268563e-03
6.766766766766766361e-01 6.566632812964056515e-03
6.776776776776777256e-01 5.906062040452677783e-03
6.786786786786787040e-01 5.329779612998917886e-03
6.796796796796796825e-01 4.823588798407625784e-03
6.806806806806806609e-01 4.376139683905397836e-03
6.816816816816816393e-01 3.978270547979617308e-03
6.826826826826827288e-01 3.622520100576693842e-03
6.836836836836837072e-01 3.302761803351450011e-03
6.846846846846846857e-01 3.013926593515573599e-03
6.856856856856856641e-01 2.751790425024676530e-03
6.866866866866866426e-01 2.512809883811360431e-03
6.876876876876877320e-01 2.293993841957314445e-03
6.886886886886887105e-01 2.092802398797164072e-03
6.896896896896896889e-01 1.907066675063140817e-03
6.906906906906906674e-01 1.734924682115378172e-03
6.916916916916916458e-01 1.574769684191609787e-03
6.926926926926927353e-01 1.425208344112076147e-03
6.936936936936937137e-01 1.285026585587533635e-03
6.946946946946946921e-01 1.153161583019155509e-03
6.956956956956956706e-01 1.028678647799085742e-03
6.966966966966966490e-01 9.107520507757249032e-04
6.976976976976977385e-01 7.986490266161921231e-04
6.986986986986987169e-01 6.917163638477208214e-04
6.996996996996996954e-01 5.893691063950236113e-04
7.007007007007006738e-01 4.910809872569613706e-04
7.017017017017016522e-01 3.963762891178049339e-04
7.027027027027027417e-01 3.048228849794204238e-04
7.037037037037037202e-01 2.160262579925609303e-04
7.047047047047046986e-01 1.296243362890060324e-04
7.057057057057056770e-01 4.528300784271922438e-05
7.067067067067066555e-01 -3.730779617269102191e-05
7.077077077077077449e-01 -1.184375422022892425e-04
7.087087087087087234e-01 -1.983781367454182966e-04
7.097097097097097018e-01 -2.773866355220077577e-04
7.107107107107106803e-01 -3.557076744726307693e-04
7.117117117117116587e-01 -4.335756695815551950e-04
7.127127127127127482e-01 -5.112168259076184385e-04
7.137137137137137266e-01 -5.888509908793188377e-04
7.147147147147147050e-01 -6.666933825981316650e-04
7.157157157157156835e-01 -7.449562204656055842e-04
7.167167167167166619e-01 -8.238502827387994901e-04
7.177177177177177514e-01 -9.035864135420147106e-04
7.187187187187187298e-01 -9.843770003394210211e-04
7.197197197197197083e-01 -1.066437441824269819e-03
7.207207207207206867e-01 -1.149987625591553488e-03
7.217217217217216652e-01 -1.235253434786368325e-03
7.227227227227227546e-01 -1.322468303151478567e-03
7.237237237237237331e-01 -1.411874838531839045e-03
7.247247247247247115e-01 -1.503726535950597638e-03
7.257257257257256899e-01 -1.598289602865356077e-03
7.267267267267266684e-01 -1.695844921189050341e-03
7.277277277277277578e-01 -1.796690173166077924e-03
7.287287287287287363e-01 -1.901142161304401673e-03
7.297297297297297147e-01 -2.009539356370148092e-03
7.307307307307306932e-01 -2.122244712057112185e-03
7.317317317317316716e-01 -2.239648790494088923e-03
7.327327327327327611e-01 -2.362173249438279891e-03
7.337337337337337395e-01 -2.490274750010396023e-03
7.347347347347347180e-01 -2.624449353453251962e-03
7.357357357357356964e-01 -2.765237486967808776e-03
7.367367367367367859e-01 -2.913229572596032473e-03
7.377377377377377643e-01 -3.069072429928086133e-03
7.387387387387387427e-01 -3.233476583732382195e-03
7.397397397397397212e-01 -3.407224632262887375e-03
7.407407407407406996e-01 -3.591180862014706383e-03
7.417417417417417891e-01 -3.786302331365932160e-03
7.427427427427427675e-01 -3.993651690494290189e-03
7.437437437437437460e-01 -4.214412060319160103e-03
7.447447447447447244e-01 -4.449904361629183382e-03
7.457457457457457028e-01 -4.701607570545728726e-03
7.467467467467467923e-01 -4.971182482477433211e-03
7.477477477477477708e-01 -5.260499699633556896e-03
7.487487487487487492e-01 -5.571672724658908137e-03
7.497497497497497276e-01 -5.907097255147373757e-03
7.507507507507507061e-01 -6.269498044151645098e-03
7.517517517517517955e-01 -6.661985038311407474e-03
7.527527527527527740e-01 -7.088120952066874828e-03
7.537537537537537524e-01 -7.552003016438161437e-03
7.547547547547547309e-01 -8.058362398893672771e-03
7.557557557557557093e-01 -8.612685788707335685e-03
7.567567567567567988e-01 -9.221364965797191476e-03
7.577577577577577772e-01 -9.891881940819554145e-03
7.587587587587587556e-01 -1.063303964074680669e-02
7.597597597597597341e-01 -1.145525136110340028e-02
7.607607607607607125e-01 -1.237090666583825181e-02
7.617617617617618020e-01 -1.339483760331561420e-02
7.627627627627627804e-01 -1.454491778351357095e-02
7.637637637637637589e-01 -1.584283916719006827e-02
7.647647647647647373e-01 -1.731512908211616658e-02
7.657657657657657158e-01 -1.899449566567503606e-02
7.667667667667668052e-01 -2.092162779272080386e-02
7.677677677677677837e-01 -2.314763217397234132e-02
7.687687687687687621e-01 -2.573737633193287633e-02
7.697697697697697405e-01 -2.877413901541032298e-02
7.707707707707707190e-01 -3.236617842496588432e-02
7.717717717717718084e-01 -3.665616293920731517e-02
7.727727727727727869e-01 -4.183495471122292142e-02
7.737737737737737653e-01 -4.816214490939524362e-02
7.747747747747747438e-01 -5.599728124407228613e-02
7.757757757757757222e-01 -6.584839173022979941e-02
7.767767767767768117e-01 -7.844906591533078177e-02
7.777777777777777901e-01 -9.488349367399684375e-02
7.787787787787787686e-01 -1.167926085862839858e-01
7.797797797797797470e-01 -1.467146683121589579e-01
7.807807807807807254e-01 -1.886264155895956141e-01
7.817817817817818149e-01 -2.486539506988255377e-01
7.827827827827827933e-01 -3.351387475162993512e-01
7.837837837837837718e-01 -4.529609203345334456e-01
7.847847847847847502e-01 -5.725053983206439545e-01
7.857857857857857287e-01 -6.083527038918001839e-01
7.867867867867868181e-01 -6.084295380852814406e-01
7.877877877877877966e-01 -6.084328560341671910e-01
7.887887887887887750e-01 -6.039168793549088976e-01
7.897897897897897534e-01 -5.232438734688347193e-01
7.907907907907907319e-01 -3.960148192126989319e-01
7.917917917917918214e-01 -2.920793172445219632e-01
7.927927927927927998e-01 -2.187048576745812267e-01
7.937937937937937782e-01 -1.678287226780101060e-01
7.947947947947947567e-01 -1.319791884980379137e-01
7.957957957957957351e-01 -1.060921465832777855e-01
7.967967967967968246e-01 -8.692554084128806258e-02
7.977977977977978030e-01 -7.240199637026134560e-02
7.987987987987987815e-01 -6.116591887885320517e-02
7.997997997997997599e-01 -5.231195620843485244e-02
8.008008008008007383e-01 -4.522094183108993359e-02
8.018018018018018278e-01 -3.945974919617920712e-02
8.028028028028028062e-01 -3.471898455813065415e-02
8.038038038038037847e-01 -3.077336961090949147e-02
8.048048048048047631e-01 -2.745599173612113877e-02
8.058058058058058526e-01 -2.464121001963841262e-02
8.068068068068068310e-01 -2.223307930170138197e-02
8.078078078078078095e-01 -2.015736440377024347e-02
8.088088088088087879e-01 -1.835593570934372296e-02
8.098098098098097664e-01 -1.678277309131663911e-02
8.108108108108108558e-01 -1.540107455545587298e-02
8.118118118118118343e-01 -1.418113565586972928e-02
8.128128128128128127e-01 -1.309877457528412642e-02
8.138138138138137911e-01 -1.213414877325972099e-02
8.148148148148147696e-01 -1.127085618661097591e-02
8.158158158158158590e-01 -1.049524565676765095e-02
8.168168168168168375e-01 -9.795882894092338908e-03
8.178178178178178159e-01 -9.163133257345858554e-03
8.188188188188187944e-01 -8.588833112114464124e-03
8.198198198198197728e-01 -8.066028964097240669e-03
8.208208208208208623e-01 -7.588768889308654571e-03
8.218218218218218407e-01 -7.151934640042500319e-03
8.228228228228228192e-01 -6.751105625673129926e-03
8.238238238238237976e-01 -6.382448048771439779e-03
8.248248248248247760e-01 -6.042624026591628117e-03
8.258258258258258655e-01 -5.728716691193621452e-03
8.268268268268268439e-01 -5.438168141499153709e-03
8.278278278278278224e-01 -5.168727791327648938e-03
8.288288288288288008e-01 -4.918409172306841860e-03
8.298298298298297793e-01 -4.685453648395891679e-03
8.308308308308308687e-01 -4.468299808142279020e-03
8.318318318318318472e-01 -4.265557542869354186e-03
8.328328328328328256e-01 -4.075986009481464417e-03
8.338338338338338041e-01 -3.898474827317015539e-03
8.348348348348347825e-01 -3.732027978399495276e-03
8.358358358358358720e-01 -3.575749976307640663e-03
8.368368368368368504e-01 -3.428833945923612930e-03
8.378378378378378288e-01 -3.290551318482669990e-03
8.388388388388388073e-01 -3.160242896765255542e-03
8.398398398398397857e-01 -3.037311086305787174e-03
8.408408408408408752e-01 -2.921213122054319537e-03
8.418418418418418536e-01 -2.811455147462655398e-03
8.428428428428428321e-01 -2.707587025662690303e-03
8.438438438438438105e-01 -2.609197781164287935e-03
8.448448448448447889e-01 -2.515911586074641958e-03
8.458458458458458784e-01 -2.427384217803471318e-03
8.468468468468468568e-01 -2.343299926048464550e-03
8.478478478478478353e-01 -2.263368655937404196e-03
8.488488488488488137e-01 -2.187323581821780556e-03
8.498498498498497922e-01 -2.114918912662231733e-03
8.508508508508508816e-01 -2.045927935371481560e-03
8.518518518518518601e-01 -1.980141267098949661e-03
8.528528528528528385e-01 -1.917365291357101074e-03
8.538538538538538170e-01 -1.857420756227483013e-03
8.548548548548547954e-01 -1.800141515744852101e-03
8.558558558558558849e-01 -1.745373397991275720e-03
8.568568568568568633e-01 -1.692973185540648778e-03
8.578578578578578417e-01 -1.642807695692647188e-03
8.588588588588588202e-01 -1.594752949494738104e-03
8.598598598598597986e-01 -1.548693419894740797e-03
8.608608608608608881e-01 -1.504521350533559844e-03
8.618618618618618665e-01 -1.462136137696551158e-03
8.628628628628628450e-01 -1.421443768822964592e-03
8.638638638638638234e-01 -1.382356311737109166e-03
8.648648648648649129e-01 -1.344791449435598675e-03
8.658658658658658913e-01 -1.308672055844844681e-03
8.668668668668668698e-01 -1.273925808482921206e-03
8.678678678678678482e-01 -1.240484834400178756e-03
8.688688688688688266e-01 -1.208285386173753480e-03
8.698698698698699161e-01 -1.177267545077015495e-03
8.708708708708708945e-01 -1.147374948849392770e-03
8.718718718718718730e-01 -1.118554541769598704e-03
8.728728728728728514e-01 -1.090756344962122469e-03
8.738738738738738299e-01 -1.063933245094166296e-03
8.748748748748749193e-01 -1.038040799795310982e-03
8.758758758758758978e-01 -1.013037058308187757e-03
8.768768768768768762e-01 -9.888823960208736018e-04
8.778778778778778547e-01 -9.655393616690073101e-04
8.788788788788788331e-01 -9.429725361100728225e-04
8.798798798798799226e-01 -9.211484016812072819e-04
8.808808808808809010e-01 -9.000352212419808831e-04
8.818818818818818794e-01 -8.796029260920293965e-04
8.828828828828828579e-01 -8.598230120277903414e-04
8.838838838838838363e-01 -8.406684428678639449e-04
8.848848848848849258e-01 -8.221135608439915496e-04
8.858858858858859042e-01 -8.041340033016990520e-04
8.868868868868868827e-01 -7.867066252091132941e-04
8.878878878878878611e-01 -7.698094270180005916e-04
8.888888888888888395e-01 -7.534214874559062554e-04
8.898898898898899290e-01 -7.375229008692817372e-04
8.908908908908909074e-01 -7.220947187706128548e-04
8.918918918918918859e-01 -7.071188952674410883e-04
8.928928928928928643e-01 -6.925782360839990385e-04
8.938938938938938428e-01 -6.784563509058918248e-04
8.948948948948949322e-01 -6.647376088052751701e-04
8.958958958958959107e-01 -6.514070965184615234e-04
8.968968968968968891e-01 -6.384505793707981238e-04
8.978978978978978676e-01 -6.258544646582981817e-04
8.988988988988988460e-01 -6.136057673117157165e-04
8.998998998998999355e-01 -6.016920776812256268e-04
9.009009009009009139e-01 -5.901015312941090699e-04
9.019019019019018923e-01 -5.788227804471588259e-04
9.029029029029028708e-01 -5.678449675115294091e-04
9.039039039039038492e-01 -5.571576998275903740e-04
9.049049049049049387e-01 -5.467510260870848005e-04
9.059059059059059171e-01 -5.366154141011186818e-04
9.069069069069068956e-01 -5.267417298616488240e-04
9.079079079079078740e-01 -5.171212178119491930e-04
9.089089089089088525e-01 -5.077454822457552492e-04
9.099099099099099419e-01 -4.986064697641383586e-04
9.109109109109109204e-01 -4.896964527191300558e-04
9.119119119119118988e-01 -4.810080135842236980e-04
9.129129129129128772e-01 -4.725340301898568393e-04
9.139139139139138557e-01 -4.642676617725770912e-04
9.149149149149149451e-01 -4.562023357851850919e-04
9.159159159159159236e-01 -4.483317354210284919e-04
9.169169169169169020e-01 -4.406497878098197558e-04
9.179179179179178805e-01 -4.331506528425265509e-04
9.189189189189188589e-01 -4.258287125878962992e-04
9.199199199199199484e-01 -4.186785612665537603e-04
9.209209209209209268e-01 -4.116949957452280175e-04
9.219219219219219053e-01 -4.048730065266634170e-04
9.229229229229228837e-01 -3.982077692003405524e-04
9.239239239239238621e-01 -3.916946363301274190e-04
9.249249249249249516e-01 -3.853291297537573363e-04
9.259259259259259300e-01 -3.791069332676907065e-04
9.269269269269269085e-01 -3.730238856804644031e-04
9.279279279279278869e-01 -3.670759742067803148e-04
9.289289289289288654e-01 -3.612593281908187104e-04
9.299299299299299548e-01 -3.555702131332801616e-04
9.309309309309309333e-01 -3.500050250110730947e-04
9.319319319319319117e-01 -3.445602848692299247e-04
9.329329329329328901e-01 -3.392326336728488604e-04
9.339339339339339796e-01 -3.340188274039763332e-04
9.349349349349349581e-01 -3.289157323906328860e-04
9.359359359359359365e-01 -3.239203208534902089e-04
9.369369369369369149e-01 -3.190296666631298357e-04
9.379379379379378934e-01 -3.142409412911977376e-04
9.389389389389389828e-01 -3.095514099494410705e-04
9.399399399399399613e-01 -3.049584279054901514e-04
9.409409409409409397e-01 -3.004594369651535047e-04
9.419419419419419182e-01 -2.960519621141604512e-04
9.429429429429428966e-01 -2.917336083110564954e-04
9.439439439439439861e-01 -2.875020574217949931e-04
9.449449449449449645e-01 -2.833550652912194255e-04
9.459459459459459429e-01 -2.792904589436677010e-04
9.469469469469469214e-01 -2.753061339051128108e-04
9.479479479479478998e-01 -2.714000516425704658e-04
9.489489489489489893e-01 -2.675702371138984634e-04
9.499499499499499677e-01 -2.638147764229573046e-04
9.509509509509509462e-01 -2.601318145747787570e-04
9.519519519519519246e-01 -2.565195533261851926e-04
9.529529529529529031e-01 -2.529762491271972500e-04
9.539539539539539925e-01 -2.495002111482707901e-04
9.549549549549549710e-01 -2.460897993908418326e-04
9.559559559559559494e-01 -2.427434228747731926e-04
9.569569569569569278e-01 -2.394595379017615158e-04
9.579579579579579063e-01 -2.362366463897516125e-04
9.589589589589589957e-01 -2.330732942738859489e-04
9.599599599599599742e-01 -2.299680699740960072e-04
9.609609609609609526e-01 -2.269196029235546292e-04
9.619619619619619311e-01 -2.239265621555220265e-04
9.629629629629629095e-01 -2.209876549474179314e-04
9.639639639639639990e-01 -2.181016255179449542e-04
9.649649649649649774e-01 -2.152672537766640685e-04
9.659659659659659559e-01 -2.124833541205208487e-04
9.669669669669669343e-01 -2.097487742784640962e-04
9.679679679679679127e-01 -2.070623942022435378e-04
9.689689689689690022e-01 -2.044231249965918981e-04
9.699699699699699806e-01 -2.018299078934287800e-04
9.709709709709709591e-01 -1.992817132637534445e-04
9.719719719719719375e-01 -1.967775396670474086e-04
9.729729729729729160e-01 -1.943164129373882909e-04
9.739739739739740054e-01 -1.918973853018684638e-04
9.749749749749749839e-01 -1.895195345351912016e-04
9.759759759759759623e-01 -1.871819631422388919e-04
9.769769769769769407e-01 -1.848837975724773261e-04
9.779779779779779192e-01 -1.826241874636491691e-04
9.789789789789790087e-01 -1.804023049117888769e-04
9.799799799799799871e-01 -1.782173437694139953e-04
9.809809809809809655e-01 -1.760685189674260625e-04
9.819819819819819440e-01 -1.739550658620027249e-04
9.829829829829829224e-01 -1.718762396061176945e-04
9.839839839839840119e-01 -1.698313145415001940e-04
9.849849849849849903e-01 -1.678195836131111127e-04
9.859859859859859688e-01 -1.658403578049399442e-04
9.869869869869869472e-01 -1.638929655939444377e-04
9.879879879879879256e-01 -1.619767524248326266e-04
9.889889889889890151e-01 -1.600910802015818759e-04
9.899899899899899935e-01 -1.582353267978174366e-04
9.909909909909909720e-01 -1.564088855835606639e-04
9.919919919919919504e-01 -1.546111649672151549e-04
9.929929929929930399e-01 -1.528415879553087029e-04
9.939939939939940183e-01 -1.510995917250778698e-04
9.949949949949949968e-01 -1.493846272127192804e-04
9.959959959959959752e-01 -1.476961587150034372e-04
9.969969969969969537e-01 -1.460336635043525916e-04
9.979979979979980431e-01 -1.443966314568632839e-04
9.989989989989990216e-01 -1.427845646924877777e-04
1.000000000000000000e+00 -1.411969772266805795e-04
