0.000000000000000000e+00 8.921614994975763692e-04
1.001001001001000992e-03 9.115697950381558470e-04
2.002002002002001985e-03 9.316182407711334421e-04
3.003003003003002977e-03 9.523352959695439122e-04
4.004004004004003969e-03 9.737510188562755039e-04
5.005005005005004962e-03 9.958971756067319919e-04
6.006006006006005954e-03 1.018807358119181708e-03
7.007007007007006946e-03 1.042517111365561053e-03
8.008008008008007939e-03 1.067064071227721584e-03
9.009009009009008931e-03 1.092488113812552664e-03
1.001001001001000992e-02 1.118831517355413536e-03
1.101101101101101092e-02 1.146139137936271141e-03
1.201201201201201191e-02 1.174458600374301892e-03
1.301301301301301290e-02 1.203840505814454632e-03
1.401401401401401389e-02 1.234338657697999983e-03
1.501501501501501488e-02 1.266010307998231658e-03
1.601601601601601588e-02 1.298916425827174523e-03
1.701701701701701513e-02 1.333121990763605318e-03
1.801801801801801786e-02 1.368696313538076553e-03
1.901901901901902059e-02 1.405713387028549458e-03
2.002002002002001985e-02 1.444252270885252850e-03
2.102102102102101910e-02 1.484397513515815737e-03
2.202202202202202183e-02 1.526239615636139271e-03
2.302302302302302456e-02 1.569875540130156186e-03
2.402402402402402382e-02 1.615409273581392075e-03
2.502502502502502307e-02 1.662952445546041777e-03
2.602602602602602580e-02 1.712625012451096966e-03
2.702702702702702853e-02 1.764556013940057465e-03
2.802802802802802778e-02 1.818884410566918349e-03
2.902902902902902704e-02 1.875760012990477371e-03
3.003003003003002977e-02 1.935344514265253512e-03
3.103103103103103250e-02 1.997812638509769215e-03
3.203203203203203175e-02 2.063353421180785102e-03
3.303303303303303101e-02 2.132171638467550076e-03
3.403403403403403027e-02 2.204489405979598478e-03
3.503503503503503647e-02 2.280547970026473598e-03
3.603603603603603572e-02 2.360609718454318665e-03
3.703703703703703498e-02 2.444960442325479558e-03
3.803803803803804118e-02 2.533911884830605723e-03
3.903903903903904044e-02 2.627804619867511130e-03
4.004004004004003969e-02 2.727011309901276187e-03
4.104104104104103895e-02 2.831940401277391328e-03
4.204204204204203821e-02 2.943040325384217899e-03
4.304304304304304440e-02 3.060804286324116628e-03
4.404404404404404366e-02 3.185775730503775157e-03
4.504504504504504292e-02 3.318554611365428803e-03
4.604604604604604912e-02 3.459804584058035360e-03
4.704704704704704837e-02 3.610261291091767903e-03
4.804804804804804763e-02 3.770741932059881295e-03
4.904904904904904689e-02 3.942156349787714030e-03
5.005005005005004615e-02 4.125519913620775622e-03
5.105105105105105234e-02 4.321968540344496394e-03
5.205205205205205160e-02 4.532776267484356358e-03
5.305305305305305086e-02 4.759375886408832336e-03
5.405405405405405705e-02 5.003383258897449622e-03
5.505505505505505631e-02 5.266626087396211742e-03
5.605605605605605557e-02 5.551178094983924734e-03
5.705705705705705483e-02 5.859399807973025669e-03
5.805805805805805409e-02 6.193987437937963428e-03
5.905905905905906028e-02 6.558031752202153619e-03
6.006006006006005954e-02 6.955089331472332458e-03
6.106106106106105880e-02 7.389269280192903994e-03
6.206206206206206499e-02 7.865339334213804906e-03
6.306306306306305731e-02 8.388856478052876889e-03
6.406406406406406351e-02 8.966328747928416221e-03
6.506506506506506970e-02 9.605417009542142892e-03
6.606606606606606202e-02 1.031518838032267037e-02
6.706706706706706822e-02 1.110643693214823438e-02
6.806806806806806054e-02 1.199209282853938921e-02
6.906906906906906674e-02 1.298774881233548568e-02
7.007007007007007293e-02 1.411234400821266555e-02
7.107107107107106525e-02 1.538906093013527217e-02
7.207207207207207145e-02 1.684651485256725284e-02
7.307307307307307764e-02 1.852034919851584457e-02
7.407407407407406996e-02 2.045540253671851785e-02
7.507507507507507616e-02 2.270869231245559519e-02
7.607607607607608236e-02 2.535358444893170277e-02
7.707707707707707467e-02 2.848571515169920701e-02
7.807807807807808087e-02 3.223155152914999877e-02
7.907907907907907319e-02 3.676100988890861759e-02
8.008008008008007939e-02 4.230645720443877017e-02
8.108108108108108558e-02 4.919200716317796707e-02
8.208208208208207790e-02 5.787987568287648182e-02
8.308308308308308410e-02 6.904584737466019917e-02
8.408408408408407642e-02 8.370598517239062619e-02
8.508508508508508261e-02 1.034364172591976383e-01
8.608608608608608881e-02 1.307669550246219892e-01
8.708708708708708113e-02 1.699036817724245418e-01
8.808808808808808732e-02 2.280511568611190698e-01
8.908908908908909352e-02 3.175697234536487557e-01
9.009009009009008584e-02 4.571516005577703767e-01
9.109109109109109204e-02 6.529120461209428905e-01
9.209209209209209823e-02 7.887910536138401651e-01
9.309309309309309055e-02 7.934044864293168242e-01
9.409409409409409675e-02 7.934044864230801464e-01
9.509509509509508907e-02 7.745758373005151576e-01
9.609609609609609526e-02 6.035089838061825640e-01
9.709709709709710146e-02 4.182159559405394522e-01
9.809809809809809378e-02 2.924203352933524847e-01
9.909909909909909997e-02 2.118836291567005869e-01
1.001001001001000923e-01 1.591645568539528099e-01
1.011011011011010985e-01 1.233607886790353270e-01
1.021021021021021047e-01 9.814870557496703507e-02
1.031031031031030970e-01 7.981469612743885556e-02
1.041041041041041032e-01 6.610655343571567033e-02
1.051051051051051094e-01 5.560932031182716506e-02
1.061061061061061017e-01 4.740373864833675316e-02
1.071071071071071079e-01 4.087412967636038647e-02
1.081081081081081141e-01 3.559676214645020320e-02
1.091091091091091064e-01 3.127286097077846411e-02
1.101101101101101126e-01 2.768716742070113229e-02
1.111111111111111049e-01 2.468158095602912896e-02
1.121121121121121111e-01 2.213796315873824486e-02
1.131131131131131173e-01 1.996665767556379811e-02
1.141141141141141097e-01 1.809866423619481066e-02
1.151151151151151159e-01 1.648020127100015969e-02
1.161161161161161082e-01 1.506886206650907487e-02
1.171171171171171144e-01 1.383085406890353052e-02
1.181181181181181206e-01 1.273898713331096146e-02
1.191191191191191129e-01 1.177118785294948775e-02
1.201201201201201191e-01 1.090938882388525072e-02
1.211211211211211253e-01 1.013868873353965250e-02
1.221221221221221176e-01 9.446710516453418749e-03
1.231231231231231238e-01 8.823106047600434709e-03
1.241241241241241300e-01 8.259170419965083249e-03
1.251251251251251362e-01 7.747538996680867172e-03
1.261261261261261146e-01 7.281947575045379789e-03
1.271271271271271208e-01 6.857041094263788099e-03
1.281281281281281270e-01 6.468219990024271643e-03
1.291291291291291332e-01 6.111515971814198214e-03
1.301301301301301394e-01 5.783490963595966546e-03
1.311311311311311179e-01 5.481154405822316958e-03
1.321321321321321240e-01 5.201895207090102662e-03
1.331331331331331302e-01 4.943425456069663361e-03
1.341341341341341364e-01 4.703733629337797026e-03
1.351351351351351426e-01 4.481045509203845228e-03
1.361361361361361211e-01 4.273791394436164161e-03
1.371371371371371273e-01 4.080578472963322656e-03
1.381381381381381335e-01 3.900167449048138908e-03
1.391391391391391397e-01 3.731452692908200121e-03
1.401401401401401459e-01 3.573445319357116453e-03
1.411411411411411521e-01 3.425258712104726350e-03
1.421421421421421305e-01 3.286096098212753971e-03
1.431431431431431367e-01 3.155239847679577360e-03
1.441441441441441429e-01 3.032042229934015821e-03
1.451451451451451491e-01 2.915917405004701292e-03
1.461461461461461553e-01 2.806334464534943236e-03
1.471471471471471337e-01 2.702811368346289943e-03
1.481481481481481399e-01 2.604909647292398371e-03
1.491491491491491461e-01 2.512229763750600461e-03
1.501501501501501523e-01 2.424407038116699852e-03
1.511511511511511585e-01 2.341108063781239569e-03
1.521521521521521647e-01 2.262027544802721387e-03
1.531531531531531432e-01 2.186885500290486079e-03
1.541541541541541493e-01 2.115424787711435006e-03
1.551551551551551555e-01 2.047408904227300368e-03
1.561561561561561617e-01 1.982620030969160004e-03
1.571571571571571679e-01 1.920857290062441504e-03
1.581581581581581464e-01 1.861935188367401430e-03
1.591591591591591526e-01 1.805682225429731816e-03
1.601601601601601588e-01 1.751939646140558259e-03
1.611611611611611650e-01 1.700560321172079649e-03
1.621621621621621712e-01 1.651407740450450655e-03
1.631631631631631496e-01 1.604355106813521586e-03
1.641641641641641558e-01 1.559284518619521434e-03
1.651651651651651620e-01 1.516086231472107580e-03
1.661661661661661682e-01 1.474657990430801920e-03
1.671671671671671744e-01 1.434904425123789120e-03
1.681681681681681528e-01 1.396736501081256984e-03
1.691691691691691590e-01 1.360071021399875167e-03
1.701701701701701652e-01 1.324830173529470889e-03
1.711711711711711714e-01 1.290941116574850344e-03
1.721721721721721776e-01 1.258335605026384644e-03
1.731731731731731838e-01 1.226949645291293455e-03
1.741741741741741623e-01 1.196723181798520046e-03
1.751751751751751685e-01 1.167599809803760791e-03
1.761761761761761746e-01 1.139526512330560869e-03
1.771771771771771808e-01 1.112453418956904768e-03
1.781781781781781870e-01 1.086333584399568758e-03
1.791791791791791655e-01 1.061122785061154820e-03
1.801801801801801717e-01 1.036779331892512214e-03
1.811811811811811779e-01 1.013263898094674724e-03
1.821821821821821841e-01 9.905393603288135777e-04
1.831831831831831903e-01 9.685706522386154172e-04
1.841841841841841965e-01 9.473246292063068879e-04
1.851851851851851749e-01 9.267699433679182095e-04
1.861861861861861811e-01 9.068769280085176151e-04
1.871871871871871873e-01 8.876174905417401990e-04
1.881881881881881935e-01 8.689650133522757456e-04
1.891891891891891997e-01 8.508942618484278573e-04
1.901901901901901781e-01 8.333812991326308922e-04
1.911911911911911843e-01 8.164034067495206173e-04
1.921921921921921905e-01 7.999390110230363785e-04
1.931931931931931967e-01 7.839676145370164323e-04
1.941941941941942029e-01 7.684697323516270729e-04
1.951951951951951814e-01 7.534268325865480648e-04
1.961961961961961876e-01 7.388212810319581955e-04
1.971971971971971938e-01 7.246362894781435693e-04
1.981981981981981999e-01 7.108558674821173181e-04
1.991991991991992061e-01 6.974647773113097898e-04
2.002002002002001846e-01 6.844484918279974267e-04
2.012012012012011908e-01 6.717931550973369479e-04
2.022022022022021970e-01 6.594855455190529094e-04
2.032032032032032032e-01 6.475130413005274026e-04
2.042042042042042094e-01 6.358635881017292825e-04
2.052052052052052156e-01 6.245256686982705993e-04
2.062062062062061940e-01 6.134882745198076345e-04
2.072072072072072002e-01 6.027408789321822905e-04
2.082082082082082064e-01 5.922734121421895570e-04
2.092092092092092126e-01 5.820762376141570306e-04
2.102102102102102188e-01 5.721401298939568720e-04
2.112112112112111972e-01 5.624562537464612580e-04
2.122122122122122034e-01 5.530161445172122490e-04
2.132132132132132096e-01 5.438116896377061553e-04
2.142142142142142158e-01 5.348351111988039605e-04
2.152152152152152220e-01 5.260789495211830617e-04
2.162162162162162282e-01 5.175360476601125912e-04
2.172172172172172067e-01 5.091995367826277884e-04
2.182182182182182129e-01 5.010628223623161915e-04
2.192192192192192191e-01 4.931195711393903183e-04
2.202202202202202252e-01 4.853636987986583102e-04
2.212212212212212314e-01 4.777893583197641075e-04
2.222222222222222099e-01 4.703909289586485584e-04
2.232232232232232161e-01 4.631630058208577902e-04
2.242242242242242223e-01 4.561003899919047915e-04
2.252252252252252285e-01 4.491980791893622526e-04
2.262262262262262347e-01 4.424512589062965309e-04
2.272272272272272131e-01 4.358552940166225383e-04
2.282282282282282193e-01 4.294057208152490140e-04
2.292292292292292255e-01 4.230982394669414006e-04
2.302302302302302317e-01 4.169287068403824525e-04
2.312312312312312379e-01 4.108931297053219607e-04
2.322322322322322163e-01 4.049876582718507558e-04
2.332332332332332225e-01 3.992085800516278950e-04
2.342342342342342287e-01 3.935523140242358974e-04
2.352352352352352349e-01 3.880154050899905951e-04
2.362362362362362411e-01 3.825945187944068920e-04
2.372372372372372473e-01 3.772864363081126918e-04
2.382382382382382258e-01 3.720880496490865650e-04
2.392392392392392320e-01 3.669963571341815700e-04
2.402402402402402382e-01 3.620084590455788188e-04
2.412412412412412444e-01 3.571215535033604531e-04
2.422422422422422505e-01 3.523329325307264807e-04
2.432432432432432290e-01 3.476399783029576968e-04
2.442442442442442352e-01 3.430401595700837314e-04
2.452452452452452414e-01 3.385310282436543652e-04
2.462462462462462476e-01 3.341102161402150850e-04
2.472472472472472538e-01 3.297754318717977429e-04
2.482482482482482600e-01 3.255244578769954291e-04
2.492492492492492384e-01 3.213551475853113244e-04
2.502502502502502724e-01 3.172654227072931651e-04
2.512512512512512508e-01 3.132532706450814235e-04
2.522522522522522292e-01 3.093167420160589120e-04
2.532532532532532632e-01 3.054539482859908194e-04
2.542542542542542416e-01 3.016630595031990548e-04
2.552552552552552756e-01 2.979423021320972147e-04
2.562562562562562540e-01 2.942899569787745862e-04
2.572572572572572325e-01 2.907043572052829582e-04
2.582582582582582664e-01 2.871838864280446728e-04
2.592592592592592449e-01 2.837269768961543431e-04
2.602602602602602788e-01 2.803321077462274120e-04
2.612612612612612573e-01 2.769978033298306800e-04
2.622622622622622357e-01 2.737226316100603205e-04
2.632632632632632697e-01 2.705052026237435617e-04
2.642642642642642481e-01 2.673441670071501682e-04
2.652652652652652820e-01 2.642382145811616773e-04
2.662662662662662605e-01 2.611860729938722883e-04
2.672672672672672389e-01 2.581865064172746897e-04
2.682682682682682729e-01 2.552383142967965673e-04
2.692692692692692513e-01 2.523403301499015984e-04
2.702702702702702853e-01 2.494914204123441660e-04
2.712712712712712637e-01 2.466904833296122116e-04
2.722722722722722422e-01 2.439364478920604527e-04
2.732732732732732761e-01 2.412282728109154480e-04
2.742742742742742545e-01 2.385649455341833135e-04
2.752752752752752885e-01 2.359454813002581034e-04
2.762762762762762669e-01 2.333689222276453710e-04
2.772772772772773009e-01 2.308343364392150216e-04
2.782782782782782793e-01 2.283408172199270639e-04
2.792792792792792578e-01 2.258874822057394232e-04
2.802802802802802917e-01 2.234734726031695098e-04
2.812812812812812702e-01 2.210979524378360790e-04
2.822822822822823041e-01 2.187601078303956807e-04
2.832832832832832826e-01 2.164591462999617918e-04
2.842842842842842610e-01 2.141942960921878396e-04
2.852852852852852950e-01 2.119648055325428827e-04
2.862862862862862734e-01 2.097699424022250541e-04
2.872872872872873073e-01 2.076089933372418563e-04
2.882882882882882858e-01 2.054812632488066848e-04
2.892892892892892642e-01 2.033860747644359690e-04
2.902902902902902982e-01 2.013227676886009837e-04
2.912912912912912766e-01 1.992906984831990932e-04
2.922922922922923106e-01 1.972892397652895328e-04
2.932932932932932890e-01 1.953177798229752376e-04
2.942942942942942675e-01 1.933757221482847177e-04
2.952952952952953014e-01 1.914624849857335300e-04
2.962962962962962798e-01 1.895775008968291050e-04
2.972972972972973138e-01 1.877202163390214839e-04
2.982982982982982922e-01 1.858900912597170386e-04
2.992992992992992707e-01 1.840865987037687980e-04
3.003003003003003046e-01 1.823092244337397056e-04
3.013013013013012831e-01 1.805574665637307103e-04
3.023023023023023170e-01 1.788308352048361934e-04
3.033033033033032955e-01 1.771288521228434531e-04
3.043043043043043294e-01 1.754510504071189064e-04
3.053053053053053079e-01 1.737969741502408210e-04
3.063063063063062863e-01 1.721661781383784155e-04
3.073073073073073203e-01 1.705582275517128130e-04
3.083083083083082987e-01 1.689726976748115396e-04
3.093093093093093326e-01 1.674091736157236408e-04
3.103103103103103111e-01 1.658672500349402785e-04
3.113113113113112895e-01 1.643465308826353799e-04
3.123123123123123235e-01 1.628466291443626032e-04
3.133133133133133019e-01 1.613671665947679170e-04
3.143143143143143359e-01 1.599077735590539832e-04
3.153153153153153143e-01 1.584680886823718179e-04
3.163163163163162928e-01 1.570477587058194185e-04
3.173173173173173267e-01 1.556464382501033421e-04
3.183183183183183051e-01 1.542637896051903381e-04
3.193193193193193391e-01 1.528994825271820708e-04
3.203203203203203175e-01 1.515531940407390335e-04
3.213213213213212960e-01 1.502246082483753222e-04
3.223223223223223299e-01 1.489134161451264443e-04
3.233233233233233084e-01 1.476193154382382034e-04
3.243243243243243423e-01 1.463420103739903927e-04
3.253253253253253208e-01 1.450812115677796823e-04
3.263263263263262992e-01 1.438366358406327461e-04
3.273273273273273332e-01 1.426080060603879371e-04
3.283283283283283116e-01 1.413950509869289502e-04
3.293293293293293456e-01 1.401975051230558769e-04
3.303303303303303240e-01 1.390151085686154250e-04
3.313313313313313024e-01 1.378476068800925901e-04
3.323323323323323364e-01 1.366947509331970022e-04
3.333333333333333148e-01 1.355562967902941920e-04
3.343343343343343488e-01 1.344320055714482538e-04
3.353353353353353272e-01 1.333216433286356362e-04
3.363363363363363057e-01 1.322249809245393899e-04
3.373373373373373396e-01 1.311417939141620425e-04
3.383383383383383181e-01 1.300718624300501401e-04
3.393393393393393520e-01 1.290149710704255358e-04
3.403403403403403304e-01 1.279709087913686390e-04
3.413413413413413644e-01 1.269394688008513954e-04
3.423423423423423428e-01 1.259204484565580628e-04
3.433433433433433213e-01 1.249136491667007429e-04
3.443443443443443552e-01 1.239188762927730331e-04
3.453453453453453337e-01 1.229359390555625185e-04
3.463463463463463676e-01 1.219646504441585221e-04
3.473473473473473461e-01 1.210048271262808466e-04
3.483483483483483245e-01 1.200562893623964068e-04
3.493493493493493585e-01 1.191188609211570032e-04
3.503503503503503369e-01 1.181923689977440044e-04
3.513513513513513709e-01 1.172766441343270333e-04
3.523523523523523493e-01 1.163715201422844421e-04
3.533533533533533277e-01 1.154768340269781535e-04
3.543543543543543617e-01 1.145924259144664862e-04
3.553553553553553401e-01 1.137181389799786464e-04
3.563563563563563741e-01 1.128538193783270682e-04
3.573573573573573525e-01 1.119993161762577788e-04
3.583583583583583310e-01 1.111544812868265003e-04
3.593593593593593649e-01 1.103191694047439477e-04
3.603603603603603434e-01 1.094932379444515534e-04
3.613613613613613773e-01 1.086765469787259042e-04
3.623623623623623557e-01 1.078689591800136455e-04
3.633633633633633342e-01 1.070703397621189010e-04
3.643643643643643681e-01 1.062805564241807573e-04
3.653653653653653466e-01 1.054994792963245267e-04
3.663663663663663805e-01 1.047269808854009790e-04
3.673673673673673590e-01 1.039629360236324552e-04
3.683683683683683929e-01 1.032072218178755262e-04
3.693693693693693714e-01 1.024597175998527115e-04
3.703703703703703498e-01 1.017203048782338464e-04
3.713713713713713838e-01 1.009888672915984319e-04
3.723723723723723622e-01 1.002652905627191248e-04
3.733733733733733962e-01 9.954946245381438366e-05
3.743743743743743746e-01 9.884127272338640664e-05
3.753753753753753530e-01 9.814061308305926045e-05
3.763763763763763870e-01 9.744737715697141586e-05
3.773773773773773654e-01 9.676146044090398214e-05
3.783783783783783994e-01 9.608276026299462783e-05
3.793793793793793778e-01 9.541117574550832747e-05
3.803803803803803563e-01 9.474660776704871463e-05
3.813813813813813902e-01 9.408895892635487734e-05
3.823823823823823687e-01 9.343813350618627197e-05
3.833833833833834026e-01 9.279403743879316088e-05
3.843843843843843811e-01 9.215657827200366293e-05
3.853853853853853595e-01 9.152566513557507826e-05
3.863863863863863934e-01 9.090120870948302121e-05
3.873873873873873719e-01 9.028312119159406226e-05
3.883883883883884058e-01 8.967131626754045240e-05
3.893893893893893843e-01 8.906570907989011607e-05
3.903903903903903627e-01 8.846621619916655052e-05
3.913913913913913967e-01 8.787275559513287742e-05
3.923923923923923751e-01 8.728524660834022307e-05
3.933933933933934091e-01 8.670360992308543931e-05
3.943943943943943875e-01 8.612776754063305822e-05
3.953953953953953659e-01 8.555764275270156161e-05
3.963963963963963999e-01 8.499316011644704222e-05
3.973973973973973783e-01 8.443424542909460761e-05
3.983983983983984123e-01 8.388082570380284717e-05
3.993993993993993907e-01 8.333282914544035678e-05
4.004004004004003692e-01 8.279018512803581087e-05
4.014014014014014031e-01 8.225282417125908297e-05
4.024024024024023816e-01 8.172067791857604913e-05
4.034034034034034155e-01 8.119367911540337787e-05
4.044044044044043940e-01 8.067176158796792948e-05
4.054054054054054279e-01 8.015486022243049739e-05
4.064064064064064064e-01 7.964291094462617603e-05
4.074074074074073848e-01 7.913585069998074881e-05
4.084084084084084187e-01 7.863361743466045102e-05
4.094094094094093972e-01 7.813615007592881502e-05
4.104104104104104311e-01 7.764338851400111026e-05
4.114114114114114096e-01 7.715527358381058355e-05
4.124124124124123880e-01 7.667174704695089570e-05
4.134134134134134220e-01 7.619275157493991596e-05
4.144144144144144004e-01 7.571823073151444307e-05
4.154154154154154344e-01 7.524812895651061264e-05
4.164164164164164128e-01 7.478239154930377958e-05
4.174174174174173912e-01 7.432096465330542993e-05
4.184184184184184252e-01 7.386379523966736472e-05
4.194194194194194036e-01 7.341083109283568181e-05
4.204204204204204376e-01 7.296202079513577909e-05
4.214214214214214160e-01 7.251731371232628218e-05
4.224224224224223945e-01 7.207665997950543255e-05
4.234234234234234284e-01 7.164001048675306597e-05
4.244244244244244069e-01 7.120731686565354580e-05
4.254254254254254408e-01 7.077853147608288925e-05
4.264264264264264193e-01 7.035360739281981929e-05
4.274274274274273977e-01 6.993249839277329376e-05
4.284284284284284317e-01 6.951515894229824807e-05
4.294294294294294101e-01 6.910154418539203515e-05
4.304304304304304440e-01 6.869160993092209022e-05
4.314314314314314225e-01 6.828531264135094645e-05
4.324324324324324564e-01 6.788260942102082064e-05
4.334334334334334349e-01 6.748345800479065948e-05
4.344344344344344133e-01 6.708781674684916529e-05
4.354354354354354473e-01 6.669564461014458384e-05
4.364364364364364257e-01 6.630690115546209926e-05
4.374374374374374597e-01 6.592154653120586556e-05
4.384384384384384381e-01 6.553954146300493657e-05
4.394394394394394165e-01 6.516084724375958525e-05
4.404404404404404505e-01 6.478542572403994811e-05
4.414414414414414289e-01 6.441323930222051723e-05
4.424424424424424629e-01 6.404425091496678121e-05
4.434434434434434413e-01 6.367842402842676015e-05
4.444444444444444198e-01 6.331572262898198862e-05
4.454454454454454537e-01 6.295611121408661718e-05
4.464464464464464322e-01 6.259955478416348899e-05
4.474474474474474661e-01 6.224601883353141410e-05
4.484484484484484446e-01 6.189546934247740185e-05
4.494494494494494230e-01 6.154787276871236167e-05
4.504504504504504570e-01 6.120319603970767754e-05
4.514514514514514354e-01 6.086140654459135243e-05
4.524524524524524693e-01 6.052247212639640317e-05
4.534534534534534478e-01 6.018636107474984132e-05
4.544544544544544262e-01 5.985304211829724409e-05
4.554554554554554602e-01 5.952248441712744740e-05
4.564564564564564386e-01 5.919465755643033581e-05
4.574574574574574726e-01 5.886953153865726799e-05
4.584584584584584510e-01 5.854707677717888031e-05
4.594594594594594295e-01 5.822726408932633841e-05
4.604604604604604634e-01 5.791006468978492750e-05
4.614614614614614418e-01 5.759545018433994730e-05
4.624624624624624758e-01 5.728339256335841404e-05
4.634634634634634542e-01 5.697386419535878615e-05
4.644644644644644327e-01 5.666683782137349240e-05
4.654654654654654666e-01 5.636228654860678288e-05
4.664664664664664451e-01 5.606018384435678651e-05
4.674674674674674790e-01 5.576050353090659451e-05
4.684684684684684575e-01 5.546321977909397934e-05
4.694694694694694914e-01 5.516830710337862037e-05
4.704704704704704699e-01 5.487574035576418168e-05
4.714714714714714483e-01 5.458549472104168678e-05
4.724724724724724823e-01 5.429754571124015175e-05
4.734734734734734607e-01 5.401186916034143843e-05
4.744744744744744946e-01 5.372844121934743951e-05
4.754754754754754731e-01 5.344723835134731099e-05
4.764764764764764515e-01 5.316823732676085365e-05
4.774774774774774855e-01 5.289141521796526801e-05
4.784784784784784639e-01 5.261674939541940272e-05
4.794794794794794979e-01 5.234421752229052979e-05
4.804804804804804763e-01 5.207379755031433225e-05
4.814814814814814548e-01 5.180546771530252593e-05
4.824824824824824887e-01 5.153920653265048812e-05
4.834834834834834671e-01 5.127499279302108936e-05
4.844844844844845011e-01 5.101280555846890110e-05
4.854854854854854795e-01 5.075262415768359067e-05
4.864864864864864580e-01 5.049442818255457248e-05
4.874874874874874919e-01 5.023819748350248095e-05
4.884884884884884704e-01 4.998391216621999775e-05
4.894894894894895043e-01 4.973155258735564974e-05
4.904904904904904828e-01 4.948109935090231796e-05
4.914914914914914612e-01 4.923253330449763493e-05
4.924924924924924952e-01 4.898583553563629723e-05
4.934934934934934736e-01 4.874098736797047630e-05
4.944944944944945076e-01 4.849797035822682180e-05
4.954954954954954860e-01 4.825676629233069636e-05
4.964964964964965199e-01 4.801735718197083357e-05
4.974974974974974984e-01 4.777972526160445305e-05
4.984984984984984768e-01 4.754385298484569496e-05
4.994994994994995108e-01 4.730972302129459969e-05
5.005005005005005447e-01 4.707731825327790125e-05
5.015015015015015232e-01 4.684662177303030494e-05
5.025025025025025016e-01 4.661761687943532135e-05
5.035035035035034801e-01 4.639028707467800227e-05
5.045045045045044585e-01 4.616461606177856372e-05
5.055055055055055480e-01 4.594058774150934857e-05
5.065065065065065264e-01 4.571818620948807382e-05
5.075075075075075048e-01 4.549739575309475262e-05
5.085085085085084833e-01 4.527820084926961866e-05
5.095095095095094617e-01 4.506058616134201101e-05
5.105105105105105512e-01 4.484453653638781427e-05
5.115115115115115296e-01 4.463003700276306805e-05
5.125125125125125081e-01 4.441707276737330893e-05
5.135135135135134865e-01 4.420562921320715958e-05
5.145145145145144649e-01 4.399569189686997213e-05
5.155155155155155544e-01 4.378724654594121410e-05
5.165165165165165329e-01 4.358027905659617608e-05
5.175175175175175113e-01 4.337477549131576402e-05
5.185185185185184897e-01 4.317072207659625096e-05
5.195195195195194682e-01 4.296810520048287285e-05
5.205205205205205576e-01 4.276691141027964805e-05
5.215215215215215361e-01 4.256712741043525757e-05
5.225225225225225145e-01 4.236874006042906096e-05
5.235235235235234930e-01 4.217173637221653974e-05
5.245245245245244714e-01 4.197610350873192618e-05
5.255255255255255609e-01 4.178182878115746388e-05
5.265265265265265393e-01 4.158889964716176225e-05
5.275275275275275177e-01 4.139730370904996462e-05
5.285285285285284962e-01 4.120702871147354055e-05
5.295295295295294746e-01 4.101806253949238966e-05
5.305305305305305641e-01 4.083039321690121296e-05
5.315315315315315425e-01 4.064400890411548118e-05
5.325325325325325210e-01 4.045889789623351835e-05
5.335335335335334994e-01 4.027504862145100511e-05
5.345345345345344779e-01 4.009244963912304193e-05
5.355355355355355673e-01 3.991108963782630709e-05
5.365365365365365458e-01 3.973095743403775985e-05
5.375375375375375242e-01 3.955204196984441921e-05
5.385385385385385026e-01 3.937433231179823632e-05
5.395395395395394811e-01 3.919781764871397152e-05
5.405405405405405705e-01 3.902248729052408023e-05
5.415415415415415490e-01 3.884833066642889474e-05
5.425425425425425274e-01 3.867533732304686005e-05
5.435435435435435059e-01 3.850349692335747740e-05
5.445445445445444843e-01 3.833279924493961810e-05
5.455455455455455738e-01 3.816323417820977624e-05
5.465465465465465522e-01 3.799479172518890397e-05
5.475475475475475307e-01 3.782746199818112819e-05
5.485485485485485091e-01 3.766123521783584077e-05
5.495495495495495986e-01 3.749610171217876745e-05
5.505505505505505770e-01 3.733205191493835267e-05
5.515515515515515554e-01 3.716907636422447627e-05
5.525525525525525339e-01 3.700716570129522097e-05
5.535535535535535123e-01 3.684631066897139608e-05
5.545545545545546018e-01 3.668650211057943364e-05
5.555555555555555802e-01 3.652773096836591887e-05
5.565565565565565587e-01 3.636998828261667595e-05
5.575575575575575371e-01 3.621326518971893280e-05
5.585585585585585155e-01 3.605755292180894183e-05
5.595595595595596050e-01 3.590284280465794154e-05
5.605605605605605835e-01 3.574912625714365543e-05
5.615615615615615619e-01 3.559639478984089013e-05
5.625625625625625403e-01 3.544464000343603203e-05
5.635635635635635188e-01 3.529385358846275268e-05
5.645645645645646082e-01 3.514402732309991286e-05
5.655655655655655867e-01 3.499515307299533908e-05
5.665665665665665651e-01 3.484722278968034050e-05
5.675675675675675436e-01 3.470022850942454075e-05
5.685685685685685220e-01 3.455416235226697387e-05
5.695695695695696115e-01 3.440901652131139353e-05
5.705705705705705899e-01 3.426478330114071549e-05
5.715715715715715683e-01 3.412145505684809321e-05
5.725725725725725468e-01 3.397902423359648100e-05
5.735735735735735252e-01 3.383748335494501897e-05
5.745745745745746147e-01 3.369682502214432865e-05
5.755755755755755931e-01 3.355704191334376473e-05
5.765765765765765716e-01 3.341812678244628071e-05
5.775775775775775500e-01 3.328007245787525058e-05
5.785785785785785285e-01 3.314287184239829274e-05
5.795795795795796179e-01 3.300651791154170564e-05
5.805805805805805964e-01 3.287100371297390912e-05
5.815815815815815748e-01 3.273632236553647255e-05
5.825825825825825532e-01 3.260246705853943772e-05
5.835835835835835317e-01 3.246943105052812686e-05
5.845845845845846211e-01 3.233720766901888876e-05
5.855855855855855996e-01 3.220579030900161903e-05
5.865865865865865780e-01 3.207517243258744183e-05
5.875875875875875565e-01 3.194534756795168728e-05
5.885885885885885349e-01 3.181630930889343435e-05
5.895895895895896244e-01 3.168805131342617001e-05
5.905905905905906028e-01 3.156056730342543027e-05
5.915915915915915813e-01 3.143385106401222121e-05
5.925925925925925597e-01 3.130789644223170177e-05
5.935935935935935381e-01 3.118269734696513300e-05
5.945945945945946276e-01 3.105824774760855409e-05
5.955955955955956060e-01 3.093454167372049798e-05
5.965965965965965845e-01 3.081157321422916173e-05
5.975975975975975629e-01 3.068933651663966503e-05
5.985985985985985414e-01 3.056782578624129507e-05
5.995995995995996308e-01 3.044703528584320184e-05
6.006006006006006093e-01 3.032695933471742631e-05
6.016016016016015877e-01 3.020759230789417244e-05
6.026026026026025662e-01 3.008892863580949227e-05
6.036036036036035446e-01 2.997096280342441573e-05
6.046046046046046341e-01 2.985368934960835468e-05
6.056056056056056125e-01 2.973710286669868305e-05
6.066066066066065909e-01 2.962119799953177521e-05
6.076076076076075694e-01 2.950596944509068767e-05
6.086086086086086588e-01 2.939141195197663087e-05
6.096096096096096373e-01 2.927752031935194321e-05
6.106106106106106157e-01 2.916428939702817908e-05
6.116116116116115942e-01 2.905171408423291699e-05
6.126126126126125726e-01 2.893978932943357671e-05
6.136136136136136621e-01 2.882851012963273530e-05
6.146146146146146405e-01 2.871787152992771400e-05
6.156156156156156189e-01 2.860786862271778931e-05
6.166166166166165974e-01 2.849849654735186113e-05
6.176176176176175758e-01 2.838975048959993473e-05
6.186186186186186653e-01 2.828162568103653155e-05
6.196196196196196437e-01 2.817411739851215759e-05
6.206206206206206222e-01 2.806722096388905964e-05
6.216216216216216006e-01 2.796093174289611467e-05
6.226226226226225791e-01 2.785524514548116501e-05
6.236236236236236685e-01 2.775015662457781969e-05
6.246246246246246470e-01 2.764566167619354254e-05
6.256256256256256254e-01 2.754175583844071419e-05
6.266266266266266038e-01 2.743843469136045604e-05
6.276276276276275823e-01 2.733569385630603429e-05
6.286286286286286717e-01 2.723352899567859246e-05
6.296296296296296502e-01 2.713193581222248771e-05
6.306306306306306286e-01 2.703091004867293196e-05
6.316316316316316071e-01 2.693044748740364985e-05
6.326326326326325855e-01 2.683054394981028960e-05
6.336336336336336750e-01 2.673119529604615552e-05
6.346346346346346534e-01 2.663239742449370346e-05
6.356356356356356319e-01 2.653414627132410404e-05
6.366366366366366103e-01 2.643643781014490743e-05
6.376376376376375887e-01 2.633926805164770132e-05
6.386386386386386782e-01 2.624263304290341687e-05
6.396396396396396566e-01 2.614652886736234215e-05
6.406406406406406351e-01 2.605095164423750935e-05
6.416416416416416135e-01 2.595589752806427486e-05
6.426426426426425920e-01 2.586136270852415340e-05
6.436436436436436814e-01 2.576734340965202902e-05
6.446446446446446599e-01 2.567383589010043281e-05
6.456456456456456383e-01 2.558083644217059137e-05
6.466466466466466168e-01 2.548834139181242687e-05
6.476476476476475952e-01 2.539634709791986964e-05
6.486486486486486847e-01 2.530484995233086494e-05
6.496496496496496631e-01 2.521384637947502762e-05
6.506506506506506415e-01 2.512333283549278543e-05
6.516516516516516200e-01 2.503330580858772439e-05
6.526526526526525984e-01 2.494376181832189468e-05
6.536536536536536879e-01 2.485469741508731286e-05
6.546546546546546663e-01 2.476610918037020230e-05
6.556556556556556448e-01 2.467799372578206201e-05
6.566566566566566232e-01 2.459034769305966665e-05
6.576576576576576016e-01 2.450316775397697511e-05
6.586586586586586911e-01 2.441645060928810112e-05
6.596596596596596696e-01 2.433019298934392956e-05
6.606606606606606480e-01 2.424439165303506676e-05
6.616616616616616264e-01 2.415904338787994209e-05
6.626626626626626049e-01 2.407414500949628988e-05
6.636636636636636943e-01 2.398969336168923071e-05
6.646646646646646728e-01 2.390568531557041811e-05
6.656656656656656512e-01 2.382211776991038734e-05
6.666666666666666297e-01 2.373898765034577319e-05
6.676676676676676081e-01 2.365629190920314748e-05
6.686686686686686976e-01 2.357402752558710707e-05
6.696696696696696760e-01 2.349219150458749510e-05
6.706706706706706544e-01 2.341078087727939758e-05
6.716716716716716329e-01 2.332979270054698763e-05
6.726726726726726113e-01 2.324922405646691941e-05
6.736736736736737008e-01 2.316907205239640937e-05
6.746746746746746792e-01 2.308933382062089085e-05
6.756756756756756577e-01 2.301000651800168566e-05
6.766766766766766361e-01 2.293108732579982124e-05
6.776776776776777256e-01 2.285257344923560739e-05
6.786786786786787040e-01 2.277446211766480898e-05
6.796796796796796825e-01 2.269675058396203641e-05
6.806806806806806609e-01 2.261943612443267457e-05
6.816816816816816393e-01 2.254251603846053404e-05
6.826826826826827288e-01 2.246598764841975968e-05
6.836836836836837072e-01 2.238984829932249879e-05
6.846846846846846857e-01 2.231409535873080631e-05
6.856856856856856641e-01 2.223872621622814029e-05
6.866866866866866426e-01 2.216373828368360910e-05
6.876876876876877320e-01 2.208912899454729416e-05
6.886886886886887105e-01 2.201489580385024663e-05
6.896896896896896889e-01 2.194103618802831468e-05
6.906906906906906674e-01 2.186754764474598095e-05
6.916916916916916458e-01 2.179442769227974634e-05
6.926926926926927353e-01 2.172167386995857690e-05
6.936936936936937137e-01 2.164928373737112172e-05
6.946946946946946921e-01 2.157725487454188558e-05
6.956956956956956706e-01 2.150558488149080909e-05
6.966966966966966490e-01 2.143427137823325854e-05
6.976976976976977385e-01 2.136331200442768727e-05
6.986986986986987169e-01 2.129270441911137500e-05
6.996996996996996954e-01 2.122244630096469526e-05
7.007007007007006738e-01 2.115253534751834004e-05
7.017017017017016522e-01 2.108296927524139425e-05
7.027027027027027417e-01 2.101374581936518000e-05
7.037037037037037202e-01 2.094486273379517189e-05
7.047047047047046986e-01 2.087631779075863137e-05
7.057057057057056770e-01 2.080810878054037988e-05
7.067067067067066555e-01 2.074023351165895455e-05
7.077077077077077449e-01 2.067268981042617485e-05
7.087087087087087234e-01 2.060547552059482088e-05
7.097097097097097018e-01 2.053858850371094490e-05
7.107107107107106803e-01 2.047202663858539389e-05
7.117117117117116587e-01 2.040578782094143372e-05
7.127127127127127482e-01 2.033986996385520285e-05
7.137137137137137266e-01 2.027427099705100805e-05
7.147147147147147050e-01 2.020898886681325330e-05
7.157157157157156835e-01 2.014402153607452106e-05
7.167167167167166619e-01 2.007936698415130472e-05
7.177177177177177514e-01 2.001502320647977165e-05
7.187187187187187298e-01 1.995098821443957356e-05
7.197197197197197083e-01 1.988726003544194804e-05
7.207207207207206867e-01 1.982383671257736309e-05
7.217217217217216652e-01 1.976071630443935114e-05
7.227227227227227546e-01 1.969789688521259377e-05
7.237237237237237331e-01 1.963537654414441373e-05
7.247247247247247115e-01 1.957315338572093754e-05
7.257257257257256899e-01 1.951122552957901079e-05
7.267267267267266684e-01 1.944959110997769363e-05
7.277277277277277578e-01 1.938824827597442334e-05
7.287287287287287363e-01 1.932719519116076032e-05
7.297297297297297147e-01 1.926643003357430008e-05
7.307307307307306932e-01 1.920595099569867662e-05
7.317317317317316716e-01 1.914575628393504778e-05
7.327327327327327611e-01 1.908584411895444057e-05
7.337337337337337395e-01 1.902621273508114510e-05
7.347347347347347180e-01 1.896686038055697191e-05
7.357357357357356964e-01 1.890778531727700819e-05
7.367367367367367859e-01 1.884898582061342813e-05
7.377377377377377643e-01 1.879046017932741846e-05
7.387387387387387427e-01 1.873220669548109377e-05
7.397397397397397212e-01 1.867422368408514779e-05
7.407407407407406996e-01 1.861650947345119532e-05
7.417417417417417891e-01 1.855906240466326777e-05
7.427427427427427675e-01 1.850188083148972509e-05
7.437437437437437460e-01 1.844496312047132349e-05
7.447447447447447244e-01 1.838830765074507664e-05
7.457457457457457028e-01 1.833191281360380191e-05
7.467467467467467923e-01 1.827577701311271970e-05
7.477477477477477708e-01 1.821989866505245120e-05
7.487487487487487492e-01 1.816427619762367188e-05
7.497497497497497276e-01 1.810890805091862051e-05
7.507507507507507061e-01 1.805379267674491630e-05
7.517517517517517955e-01 1.799892853888981968e-05
7.527527527527527740e-01 1.794431411267980220e-05
7.537537537537537524e-01 1.788994788506863802e-05
7.547547547547547309e-01 1.783582835428504832e-05
7.557557557557557093e-01 1.778195403009698238e-05
7.567567567567567988e-01 1.772832343345924171e-05
7.577577577577577772e-01 1.767493509633733786e-05
7.587587587587587556e-01 1.762178756188365492e-05
7.597597597597597341e-01 1.756887938417318204e-05
7.607607607607607125e-01 1.751620912785118158e-05
7.617617617617618020e-01 1.746377536874979186e-05
7.627627627627627804e-01 1.741157669300716032e-05
7.637637637637637589e-01 1.735961169741979563e-05
7.647647647647647373e-01 1.730787898926638152e-05
7.657657657657657158e-01 1.725637718621971580e-05
7.667667667667668052e-01 1.720510491599434465e-05
7.677677677677677837e-01 1.715406081678700283e-05
7.687687687687687621e-01 1.710324353666001099e-05
7.697697697697697405e-01 1.705265173371744828e-05
7.707707707707707190e-01 1.700228407610514567e-05
7.717717717717718084e-01 1.695213924165836082e-05
7.727727727727727869e-01 1.690221591798984246e-05
7.737737737737737653e-01 1.685251280231367458e-05
7.747747747747747438e-01 1.680302860144526297e-05
7.757757757757757222e-01 1.675376203162518276e-05
7.767767767767768117e-01 1.670471181869533084e-05
7.777777777777777901e-01 1.665587669748233330e-05
7.787787787787787686e-01 1.660725541232607025e-05
7.797797797797797470e-01 1.655884671655114424e-05
7.807807807807807254e-01 1.651064937264305630e-05
7.817817817817818149e-01 1.646266215207204680e-05
7.827827827827827933e-01 1.641488383511691265e-05
7.837837837837837718e-01 1.636731321104117654e-05
7.847847847847847502e-01 1.631994907774075176e-05
7.857857857857857287e-01 1.627279024192011827e-05
7.867867867867868181e-01 1.622583551882804504e-05
7.877877877877877966e-01 1.617908373225761373e-05
7.887887887887887750e-01 1.613253371437003251e-05
7.897897897897897534e-01 1.608618430578273082e-05
7.907907907907907319e-01 1.604003435556934924e-05
7.917917917917918214e-01 1.599408272081931961e-05
7.927927927927927998e-01 1.594832826690212576e-05
7.937937937937937782e-01 1.590276986729111388e-05
7.947947947947947567e-01 1.585740640356351623e-05
7.957957957957957351e-01 1.581223676504808887e-05
7.967967967967968246e-01 1.576725984917746711e-05
7.977977977977978030e-01 1.572247456113582022e-05
7.987987987987987815e-01 1.567787981385884122e-05
7.997997997997997599e-01 1.563347452794567919e-05
8.008008008008007383e-01 1.558925763183509837e-05
8.018018018018018278e-01 1.554522806127695678e-05
8.028028028028028062e-01 1.550138475959649396e-05
8.038038038038037847e-01 1.545772667760620574e-05
8.048048048048047631e-01 1.541425277351778664e-05
8.058058058058058526e-01 1.537096201276595044e-05
8.068068068068068310e-01 1.532785336809651142e-05
8.078078078078078095e-01 1.528492581947830313e-05
8.088088088088087879e-01 1.524217835392700904e-05
8.098098098098097664e-01 1.519960996559324553e-05
8.108108108108108558e-01 1.515721965558638752e-05
8.118118118118118343e-01 1.511500643206265985e-05
8.128128128128128127e-01 1.507296931004896464e-05
8.138138138138137911e-01 1.503110731126670517e-05
8.148148148148147696e-01 1.498941946448413470e-05
8.158158158158158590e-01 1.494790480489975537e-05
8.168168168168168375e-01 1.490656237467083127e-05
8.178178178178178159e-01 1.486539122229678566e-05
8.188188188188187944e-01 1.482439040305963612e-05
8.198198198198197728e-01 1.478355897858356447e-05
8.208208208208208623e-01 1.474289601701107937e-05
8.218218218218218407e-01 1.470240059300303150e-05
8.228228228228228192e-01 1.466207178729817172e-05
8.238238238238237976e-01 1.462190868724167247e-05
8.248248248248247760e-01 1.458191038616852681e-05
8.258258258258258655e-01 1.454207598366780235e-05
8.268268268268268439e-01 1.450240458558264967e-05
8.278278278278278224e-01 1.446289530365794857e-05
8.288288288288288008e-01 1.442354725589265674e-05
8.298298298298297793e-01 1.438435956618746951e-05
8.308308308308308687e-01 1.434533136425672675e-05
8.318318318318318472e-01 1.430646178589267862e-05
8.328328328328328256e-01 1.426774997270122322e-05
8.338338338338338041e-01 1.422919507192573383e-05
8.348348348348347825e-01 1.419079623679940772e-05
8.358358358358358720e-01 1.415255262601674640e-05
8.368368368368368504e-01 1.411446340426207363e-05
8.378378378378378288e-01 1.407652774141676347e-05
8.388388388388388073e-01 1.403874481335200548e-05
8.398398398398397857e-01 1.400111380104795992e-05
8.408408408408408752e-01 1.396363389138651959e-05
8.418418418418418536e-01 1.392630427635853785e-05
8.428428428428428321e-01 1.388912415341618242e-05
8.438438438438438105e-01 1.385209272547292018e-05
8.448448448448447889e-01 1.381520920072735631e-05
8.458458458458458784e-01 1.377847279248706498e-05
8.468468468468468568e-01 1.374188271952091953e-05
8.478478478478478353e-01 1.370543820553058958e-05
8.488488488488488137e-01 1.366913847959096944e-05
8.498498498498497922e-01 1.363298277562165489e-05
8.508508508508508816e-01 1.359697033282738344e-05
8.518518518518518601e-01 1.356110039534567871e-05
8.528528528528528385e-01 1.352537221233495211e-05
8.538538538538538170e-01 1.348978503771022679e-05
8.548548548548547954e-01 1.345433813049550000e-05
8.558558558558558849e-01 1.341903075455946880e-05
8.568568568568568633e-01 1.338386217843937092e-05
8.578578578578578417e-01 1.334883167560523873e-05
8.588588588588588202e-01 1.331393852428372142e-05
8.598598598598597986e-01 1.327918200728192254e-05
8.608608608608608881e-01 1.324456141216356756e-05
8.618618618618618665e-01 1.321007603116091755e-05
8.628628628628628450e-01 1.317572516108668452e-05
8.638638638638638234e-01 1.314150810324594676e-05
8.648648648648649129e-01 1.310742416352423181e-05
8.658658658658658913e-01 1.307347265229943183e-05
8.668668668668668698e-01 1.303965288444180692e-05
8.678678678678678482e-01 1.300596417931398013e-05
8.688688688688688266e-01 1.297240586041860047e-05
8.698698698698699161e-01 1.293897725583876282e-05
8.708708708708708945e-01 1.290567769797375907e-05
8.718718718718718730e-01 1.287250652336290708e-05
8.728728728728728514e-01 1.283946307294979619e-05
8.738738738738738299e-01 1.280654669181804682e-05
8.748748748748749193e-01 1.277375672936746793e-05
8.758758758758758978e-01 1.274109253896172513e-05
8.768768768768768762e-01 1.270855347819258626e-05
8.778778778778778547e-01 1.267613890870376216e-05
8.788788788788788331e-01 1.264384819645515389e-05
8.798798798798799226e-01 1.261168071101817553e-05
8.808808808808809010e-01 1.257963582628042969e-05
8.818818818818818794e-01 1.254771292009337735e-05
8.828828828828828579e-01 1.251591137391998235e-05
8.838838838838838363e-01 1.248423057362749354e-05
8.848848848848849258e-01 1.245266990860657968e-05
8.858858858858859042e-01 1.242122877212367819e-05
8.868868868868868827e-01 1.238990656158524739e-05
8.878878878878878611e-01 1.235870267774499958e-05
8.888888888888888395e-01 1.232761652549666798e-05
8.898898898898899290e-01 1.229664751325741418e-05
8.908908908908909074e-01 1.226579505323207358e-05
8.918918918918918859e-01 1.223505856132508097e-05
8.928928928928928643e-01 1.220443745696429441e-05
8.938938938938938428e-01 1.217393116336525087e-05
8.948948948948949322e-01 1.214353910735499866e-05
8.958958958958959107e-01 1.211326071910783666e-05
8.968968968968968891e-01 1.208309543267382904e-05
8.978978978978978676e-01 1.205304268536221266e-05
8.988988988988988460e-01 1.202310191800564092e-05
8.998998998998999355e-01 1.199327257504828189e-05
9.009009009009009139e-01 1.196355410419346451e-05
9.019019019019018923e-01 1.193394595684412047e-05
9.029029029029028708e-01 1.190444758739808499e-05
9.039039039039038492e-01 1.187505845395279261e-05
9.049049049049049387e-01 1.184577801777675413e-05
9.059059059059059171e-01 1.181660574357382570e-05
9.069069069069068956e-01 1.178754109913085337e-05
9.079079079079078740e-01 1.175858355575810816e-05
9.089089089089088525e-01 1.172973258784885772e-05
9.099099099099099419e-01 1.170098767305553734e-05
9.109109109109109204e-01 1.167234829220166191e-05
9.119119119119118988e-01 1.164381392936991394e-05
9.129129129129128772e-01 1.161538407172597259e-05
9.139139139139138557e-01 1.158705820951851028e-05
9.149149149149149451e-01 1.155883583616728409e-05
9.159159159159159236e-01 1.153071644817504438e-05
9.169169169169169020e-01 1.150269954503945177e-05
9.179179179179178805e-01 1.147478462942925158e-05
9.189189189189188589e-01 1.144697120683192167e-05
9.199199199199199484e-01 1.141925878590602792e-05
9.209209209209209268e-01 1.139164687821695682e-05
9.219219219219219053e-01 1.136413499823692048e-05
9.229229229229228837e-01 1.133672266334495667e-05
9.239239239239238621e-01 1.130940939400309471e-05
9.249249249249249516e-01 1.128219471331593899e-05
9.259259259259259300e-01 1.125507814747108210e-05
9.269269269269269085e-01 1.122805922529868999e-05
9.279279279279278869e-01 1.120113747871192188e-05
9.289289289289288654e-01 1.117431244209033090e-05
9.299299299299299548e-01 1.114758365289647362e-05
9.309309309309309333e-01 1.112095065123546642e-05
9.319319319319319117e-01 1.109441297985499738e-05
9.329329329329328901e-01 1.106797018449766489e-05
9.339339339339339796e-01 1.104162181328437830e-05
9.349349349349349581e-01 1.101536741724286752e-05
9.359359359359359365e-01 1.098920655004343585e-05
9.369369369369369149e-01 1.096313876791086686e-05
9.379379379379378934e-01 1.093716362980059539e-05
9.389389389389389828e-01 1.091128069713445526e-05
9.399399399399399613e-01 1.088548953406493497e-05
9.409409409409409397e-01 1.085978970738708455e-05
9.419419419419419182e-01 1.083418078609810244e-05
9.429429429429428966e-01 1.080866234219008895e-05
9.439439439439439861e-01 1.078323394985729111e-05
9.449449449449449645e-01 1.075789518593651918e-05
9.459459459459459429e-01 1.073264562964289778e-05
9.469469469469469214e-01 1.070748486274603010e-05
9.479479479479478998e-01 1.068241246939383370e-05
9.489489489489489893e-01 1.065742803620062004e-05
9.499499499499499677e-01 1.063253115233518426e-05
9.509509509509509462e-01 1.060772140908037680e-05
9.519519519519519246e-01 1.058299840027352669e-05
9.529529529529529031e-01 1.055836172213027732e-05
9.539539539539539925e-01 1.053381097315649669e-05
9.549549549549549710e-01 1.050934575414827742e-05
9.559559559559559494e-01 1.048496566845619581e-05
9.569569569569569278e-01 1.046067032128062274e-05
9.579579579579579063e-01 1.043645932064067176e-05
9.589589589589589957e-01 1.041233227631716641e-05
9.599599599599599742e-01 1.038828880073349681e-05
9.609609609609609526e-01 1.036432850833902376e-05
9.619619619619619311e-01 1.034045101587333269e-05
9.629629629629629095e-01 1.031665594227814900e-05
9.639639639639639990e-01 1.029294290860925170e-05
9.649649649649649774e-01 1.026931153830073080e-05
9.659659659659659559e-01 1.024576145663647597e-05
9.669669669669669343e-01 1.022229229127868446e-05
9.679679679679679127e-01 1.019890367191552420e-05
9.689689689689690022e-01 1.017559523052538943e-05
9.699699699699699806e-01 1.015236660093646899e-05
9.709709709709709591e-01 1.012921741926717973e-05
9.719719719719719375e-01 1.010614732348573478e-05
9.729729729729729160e-01 1.008315595385057362e-05
9.739739739739740054e-01 1.006024295255801493e-05
9.749749749749749839e-01 1.003740796391843953e-05
9.759759759759759623e-01 1.001465063400393138e-05
9.769769769769769407e-01 9.991970611176804169e-06
9.779779779779779192e-01 9.969367545737255898e-06
9.789789789789790087e-01 9.946841089835279170e-06
9.799799799799799871e-01 9.924390897646837261e-06
9.809809809809809655e-01 9.902016625285776081e-06
9.819819819819819440e-01 9.879717930891907129e-06
9.829829829829829224e-01 9.857494474454844971e-06
9.839839839839840119e-01 9.835345917813995381e-06
9.849849849849849903e-01 9.813271924834739889e-06
9.859859859859859688e-01 9.791272161056078542e-06
9.869869869869869472e-01 9.769346294219158138e-06
9.879879879879879256e-01 9.747493993650661038e-06
9.889889889889890151e-01 9.725714930615153930e-06
9.899899899899899935e-01 9.704008778227004876e-06
9.909909909909909720e-01 9.682375211362288493e-06
9.919919919919919504e-01 9.660813906746879080e-06
9.929929929929930399e-01 9.639324542956447222e-06
9.939939939939940183e-01 9.617906800240293884e-06
9.949949949949949968e-01 9.596560360697511239e-06
9.959959959959959752e-01 9.575284908188908179e-06
9.969969969969969537e-01 9.554080128248918896e-06
9.979979979979980431e-01 9.532945708349856823e-06
9.989989989989990216e-01 9.511881337461496476e-06
1.000000000000000000e+00 9.490886706315320616e-06
