0.000000000000000000e+00 7.274930604178322588e-03
1.001001001001000992e-03 7.327611029288800051e-03
2.002002002002001985e-03 7.380864482166098715e-03
3.003003003003002977e-03 7.434699285007327976e-03
4.004004004004003969e-03 7.489123911291033393e-03
5.005005005005004962e-03 7.544146989081132806e-03
6.006006006006005954e-03 7.599777304415651809e-03
7.007007007007006946e-03 7.656023804781778193e-03
8.008008008008007939e-03 7.712895602680524404e-03
9.009009009009008931e-03 7.770401979282839412e-03
1.001001001001000992e-02 7.828552388181088742e-03
1.101101101101101092e-02 7.887356459237292172e-03
1.201201201201201191e-02 7.946824002531925960e-03
1.301301301301301290e-02 8.006965012416444177e-03
1.401401401401401389e-02 8.067789671671290325e-03
1.501501501501501488e-02 8.129308355774600772e-03
1.601601601601601588e-02 8.191531637283047673e-03
1.701701701701701513e-02 8.254470290329302129e-03
1.801801801801801786e-02 8.318135295239371951e-03
1.901901901901902059e-02 8.382537843273526329e-03
2.002002002002001985e-02 8.447689341494294193e-03
2.102102102102101910e-02 8.513601417765970236e-03
2.202202202202202183e-02 8.580285925889169149e-03
2.302302302302302456e-02 8.647754950874846427e-03
2.402402402402402382e-02 8.716020814362250915e-03
2.502502502502502307e-02 8.785096080185064368e-03
2.602602602602602580e-02 8.854993560090257398e-03
2.702702702702702853e-02 8.925726319615098422e-03
2.802802802802802778e-02 8.997307684126272520e-03
2.902902902902902704e-02 9.069751245027369083e-03
3.003003003003002977e-02 9.143070866139359557e-03
3.103103103103103250e-02 9.217280690259359657e-03
3.203203203203203175e-02 9.292395145904693010e-03
3.303303303303303101e-02 9.368428954246407411e-03
3.403403403403403027e-02 9.445397136239876493e-03
3.503503503503503647e-02 9.523315019957971986e-03
3.603603603603603572e-02 9.602198248133941502e-03
3.703703703703703498e-02 9.682062785920365205e-03
3.803803803803804118e-02 9.762924928871733951e-03
3.903903903903904044e-02 9.844801311157393500e-03
4.004004004004003969e-02 9.927708914013642916e-03
4.104104104104103895e-02 1.001166507444129980e-02
4.204204204204203821e-02 1.009668749415818662e-02
4.304304304304304440e-02 1.018279424881479885e-02
4.404404404404404366e-02 1.027000379748161177e-02
4.504504504504504292e-02 1.035833499241734131e-02
4.604604604604604912e-02 1.044780708912802260e-02
4.704704704704704837e-02 1.053843975672641257e-02
4.804804804804804763e-02 1.063025308860212487e-02
4.904904904904904689e-02 1.072326761341313092e-02
5.005005005005004615e-02 1.081750430640941903e-02
5.105105105105105234e-02 1.091298460110144870e-02
5.205205205205205160e-02 1.100973040128303514e-02
5.305305305305305086e-02 1.110776409342414776e-02
5.405405405405405705e-02 1.120710855944353004e-02
5.505505505505505631e-02 1.130778718987672342e-02
5.605605605605605557e-02 1.140982389745226477e-02
5.705705705705705483e-02 1.151324313109082682e-02
5.805805805805805409e-02 1.161806989034289313e-02
5.905905905905906028e-02 1.172432974027970594e-02
6.006006006006005954e-02 1.183204882685425299e-02
6.106106106106105880e-02 1.194125389274963180e-02
6.206206206206206499e-02 1.205197229373190446e-02
6.306306306306305731e-02 1.216423201552573573e-02
6.406406406406406351e-02 1.227806169123257969e-02
6.506506506506506970e-02 1.239349061931075031e-02
6.606606606606606202e-02 1.251054878213803644e-02
6.706706706706706822e-02 1.262926686517917493e-02
6.806806806806806054e-02 1.274967627677977416e-02
6.906906906906906674e-02 1.287180916861067892e-02
7.007007007007007293e-02 1.299569845678731281e-02
7.107107107107106525e-02 1.312137784368837962e-02
7.207207207207207145e-02 1.324888184050245984e-02
7.307307307307307764e-02 1.337824579052761080e-02
7.407407407407406996e-02 1.350950589325520222e-02
7.507507507507507616e-02 1.364269922926649413e-02
7.607607607607608236e-02 1.377786378597381164e-02
7.707707707707707467e-02 1.391503848423933723e-02
7.807807807807808087e-02 1.405426320590507511e-02
7.907907907907907319e-02 1.419557882227061134e-02
8.008008008008007939e-02 1.433902722355443957e-02
8.108108108108108558e-02 1.448465134937922810e-02
8.208208208208207790e-02 1.463249522032088364e-02
8.308308308308308410e-02 1.478260397056350463e-02
8.408408408408407642e-02 1.493502388170522832e-02
8.508508508508508261e-02 1.508980241776120695e-02
8.608608608608608881e-02 1.524698826141133133e-02
8.708708708708708113e-02 1.540663135154413631e-02
8.808808808808808732e-02 1.556878292214953358e-02
8.908908908908909352e-02 1.573349554261545269e-02
9.009009009009008584e-02 1.590082315948670305e-02
9.109109109109109204e-02 1.607082113974629342e-02
9.209209209209209823e-02 1.624354631568229387e-02
9.309309309309309055e-02 1.641905703140776954e-02
9.409409409409409675e-02 1.659741319110171615e-02
9.509509509509508907e-02 1.677867630904441090e-02
9.609609609609609526e-02 1.696290956152426282e-02
9.709709709709710146e-02 1.715017784069389553e-02
9.809809809809809378e-02 1.734054781046108842e-02
9.909909909909909997e-02 1.753408796450136448e-02
1.001001001001000923e-01 1.773086868648395334e-02
1.011011011011010985e-01 1.793096231260798284e-02
1.021021021021021047e-01 1.813444319654975920e-02
1.031031031031030970e-01 1.834138777692682215e-02
1.041041041041041032e-01 1.855187464739109504e-02
1.051051051051051094e-01 1.876598462946646104e-02
1.061061061061061017e-01 1.898380084825489894e-02
1.071071071071071079e-01 1.920540881113838930e-02
1.081081081081081141e-01 1.943089648961343271e-02
1.091091091091091064e-01 1.966035440439893589e-02
1.101101101101101126e-01 1.989387571396757440e-02
1.111111111111111049e-01 2.013155630665708698e-02
1.121121121121121111e-01 2.037349489652687945e-02
1.131131131131131173e-01 2.061979312313372281e-02
1.141141141141141097e-01 2.087055565540784502e-02
1.151151151151151159e-01 2.112589029982317804e-02
1.161161161161161082e-01 2.138590811306280773e-02
1.171171171171171144e-01 2.165072351939254999e-02
1.181181181181181206e-01 2.192045443296745943e-02
1.191191191191191129e-01 2.219522238530606192e-02
1.201201201201201191e-01 2.247515265818252755e-02
1.211211211211211253e-01 2.276037442219766907e-02
1.221221221221221176e-01 2.305102088130515231e-02
1.231231231231231238e-01 2.334722942358544162e-02
1.241241241241241300e-01 2.364914177857282626e-02
1.251251251251251362e-01 2.395690418146143724e-02
1.261261261261261146e-01 2.427066754453106184e-02
1.271271271271271208e-01 2.459058763615486545e-02
1.281281281281281270e-01 2.491682526776923048e-02
1.291291291291291332e-01 2.524954648920989253e-02
1.301301301301301394e-01 2.558892279283791690e-02
1.311311311311311179e-01 2.593513132690727918e-02
1.321321321321321240e-01 2.628835511864760152e-02
1.331331331331331302e-01 2.664878330756544761e-02
1.341341341341341364e-01 2.701661138949615348e-02
1.351351351351351426e-01 2.739204147196793587e-02
1.361361361361361211e-01 2.777528254147358308e-02
1.371371371371371273e-01 2.816655074328105676e-02
1.381381381381381335e-01 2.856606967444884695e-02
1.391391391391391397e-01 2.897407069075415634e-02
1.401401401401401459e-01 2.939079322828284588e-02
1.411411411411411521e-01 2.981648514047458703e-02
1.421421421421421305e-01 3.025140305146625797e-02
1.431431431431431367e-01 3.069581272662500609e-02
1.441441441441441429e-01 3.114998946121946832e-02
1.451451451451451491e-01 3.161421848823416786e-02
1.461461461461461553e-01 3.208879540639361649e-02
1.471471471471471337e-01 3.257402662953010064e-02
1.481481481481481399e-01 3.307022985849875779e-02
1.491491491491491461e-01 3.357773457691833052e-02
1.501501501501501523e-01 3.409688257209833595e-02
1.511511511511511585e-01 3.462802848259600996e-02
1.521521521521521647e-01 3.517154037394222554e-02
1.531531531531531432e-01 3.572780034417034206e-02
1.541541541541541493e-01 3.629720516088868337e-02
1.551551551551551555e-01 3.688016693174884369e-02
1.561561561561561617e-01 3.747711381028233368e-02
1.571571571571571679e-01 3.808849073920699685e-02
1.581581581581581464e-01 3.871476023344100348e-02
1.591591591591591526e-01 3.935640320520992358e-02
1.601601601601601588e-01 4.001391983379087858e-02
1.611611611611611650e-01 4.068783048260477681e-02
1.621621621621621712e-01 4.137867666655008908e-02
1.631631631631631496e-01 4.208702207266377948e-02
1.641641641641641558e-01 4.281345363740406140e-02
1.651651651651651620e-01 4.355858268406980621e-02
1.661661661661661682e-01 4.432304612411291228e-02
1.671671671671671744e-01 4.510750772635122724e-02
1.681681681681681528e-01 4.591265945836751211e-02
1.691691691691691590e-01 4.673922290467032864e-02
1.701701701701701652e-01 4.758795076650759737e-02
1.711711711711711714e-01 4.845962844856340629e-02
1.721721721721721776e-01 4.935507573812542709e-02
1.731731731731731838e-01 5.027514858270140663e-02
1.741741741741741623e-01 5.122074097247547586e-02
1.751751751751751685e-01 5.219278693444126538e-02
1.761761761761761746e-01 5.319226264552165406e-02
1.771771771771771808e-01 5.422018867249844831e-02
1.781781781781781870e-01 5.527763234711601664e-02
1.791791791791791655e-01 5.636571028530856092e-02
1.801801801801801717e-01 5.748559106012201408e-02
1.811811811811811779e-01 5.863849803856702181e-02
1.821821821821821841e-01 5.982571239334891211e-02
1.831831831831831903e-01 6.104857630117692391e-02
1.841841841841841965e-01 6.230849634015875327e-02
1.851851851851851749e-01 6.360694709964376248e-02
1.861861861861861811e-01 6.494547501678411827e-02
1.871871871871871873e-01 6.632570245504418316e-02
1.881881881881881935e-01 6.774933204090620442e-02
1.891891891891891997e-01 6.921815127608546558e-02
1.901901901901901781e-01 7.073403744369458068e-02
1.911911911911911843e-01 7.229896282796975659e-02
1.921921921921921905e-01 7.391500026839212256e-02
1.931931931931931967e-01 7.558432907030496195e-02
1.941941941941942029e-01 7.730924129542453282e-02
1.951951951951951814e-01 7.909214845696825591e-02
1.961961961961961876e-01 8.093558864545574716e-02
1.971971971971971938e-01 8.284223411256386171e-02
1.981981981981981999e-01 8.481489934170836908e-02
1.991991991991992061e-01 8.685654963524867822e-02
2.002002002002001846e-01 8.897031024933178822e-02
2.012012012012011908e-01 9.115947610835457848e-02
2.022022022022021970e-01 9.342752213175999076e-02
2.032032032032032032e-01 9.577811420632277584e-02
2.042042042042042094e-01 9.821512083710794150e-02
2.052052052052052156e-01 1.007426255097890327e-01
2.062062062062061940e-01 1.033649397958253807e-01
2.072072072072072002e-01 1.060866172299301802e-01
2.082082082082082064e-01 1.089124679860712236e-01
2.092092092092092126e-01 1.118475743736440237e-01
2.102102102102102188e-01 1.148973071690641834e-01
2.112112112112111972e-01 1.180673427894097238e-01
2.122122122122122034e-01 1.213636813033379530e-01
2.132132132132132096e-01 1.247926652596293706e-01
2.142142142142142158e-01 1.283609992945415890e-01
2.152152152152152220e-01 1.320757704546543787e-01
2.162162162162162282e-01 1.359444691407986072e-01
2.172172172172172067e-01 1.399750105394426680e-01
2.182182182182182129e-01 1.441757563586625046e-01
2.192192192192192191e-01 1.485555366242269359e-01
2.202202202202202252e-01 1.531236712145594980e-01
2.212212212212212314e-01 1.578899907179062145e-01
2.222222222222222099e-01 1.628648560767251563e-01
2.232232232232232161e-01 1.680591763379465919e-01
2.242242242242242223e-01 1.734844236470497736e-01
2.252252252252252285e-01 1.791526444012379871e-01
2.262262262262262347e-01 1.850764652031394453e-01
2.272272272272272131e-01 1.912690919202826023e-01
2.282282282282282193e-01 1.977442997437539041e-01
2.292292292292292255e-01 2.045164116360206341e-01
2.302302302302302317e-01 2.116002619440905397e-01
2.312312312312312379e-01 2.190111412079703834e-01
2.322322322322322163e-01 2.267647172904390662e-01
2.332332332332332225e-01 2.348769268638409846e-01
2.342342342342342287e-01 2.433638299815285844e-01
2.352352352352352349e-01 2.522414189028898135e-01
2.362362362362362411e-01 2.615253704995981199e-01
2.372372372372372473e-01 2.712307294202458974e-01
2.382382382382382258e-01 2.813715067168825468e-01
2.392392392392392320e-01 2.919601758508131861e-01
2.402402402402402382e-01 3.030070449502398344e-01
2.412412412412412444e-01 3.145194810152168730e-01
2.422422422422422505e-01 3.265009586982525192e-01
2.432432432432432290e-01 3.389499037554147276e-01
2.442442442442442352e-01 3.518582999628657726e-01
2.452452452452452414e-01 3.652100293389236585e-01
2.462462462462462476e-01 3.789789206125298016e-01
2.472472472472472538e-01 3.931264925940059496e-01
2.482482482482482600e-01 4.075994011516654303e-01
2.492492492492492384e-01 4.223266361066223551e-01
2.502502502502502724e-01 4.372165745756818600e-01
2.512512512512512508e-01 4.521540890600173057e-01
2.522522522522522292e-01 4.669980421622051403e-01
2.532532532532532632e-01 4.815796848068590874e-01
2.542542542542542416e-01 4.957027153215762261e-01
2.552552552552552756e-01 5.091460413548783981e-01
2.562562562562562540e-01 5.216705704664286181e-01
2.572572572572572325e-01 5.330315305508580570e-01
2.582582582582582664e-01 5.429976776242495529e-01
2.592592592592592449e-01 5.513779367496267625e-01
2.602602602602602788e-01 5.580540695339352153e-01
2.612612612612612573e-01 5.630144518587696378e-01
2.622622622622622357e-01 5.663791485928546532e-01
2.632632632632632697e-01 5.684019782193338033e-01
2.642642642642642481e-01 5.694357188282291871e-01
2.652652652652652820e-01 5.698585636315216529e-01
2.662662662662662605e-01 5.699852808184868724e-01
2.672672672672672389e-01 5.700096296228532866e-01
2.682682682682682729e-01 5.700120696727429825e-01
2.692692692692692513e-01 5.700121610237791625e-01
2.702702702702702853e-01 5.700121617399174223e-01
2.712712712712712637e-01 5.700121617403035579e-01
2.722722722722722422e-01 5.700121617403035579e-01
2.732732732732732761e-01 5.700121617403035579e-01
2.742742742742742545e-01 5.700121617403035579e-01
2.752752752752752885e-01 5.700121617403035579e-01
2.762762762762762669e-01 5.700121617403035579e-01
2.772772772772773009e-01 5.700121617403035579e-01
2.782782782782782793e-01 5.700121617403035579e-01
2.792792792792792578e-01 5.700121617403035579e-01
2.802802802802802917e-01 5.700121617403035579e-01
2.812812812812812702e-01 5.700121617403035579e-01
2.822822822822823041e-01 5.700121617382312156e-01
2.832832832832832826e-01 5.700121596764247123e-01
2.842842842842842610e-01 5.700119747229214218e-01
2.852852852852852950e-01 5.700079965629978318e-01
2.862862862862862734e-01 5.699735240093151134e-01
2.872872872872873073e-01 5.698104340584868588e-01
2.882882882882882858e-01 5.693010515114023118e-01
2.892892892892892642e-01 5.681128761073420685e-01
2.902902902902902982e-01 5.658656278100167025e-01
2.912912912912912766e-01 5.622203467503349428e-01
2.922922922922923106e-01 5.569466344674116609e-01
2.932932932932932890e-01 5.499499101281841718e-01
2.942942942942942675e-01 5.412639013557735135e-01
2.952952952952953014e-01 5.310229771329907367e-01
2.962962962962962798e-01 5.194279925035915069e-01
2.972972972972973138e-01 5.067144950211365240e-01
2.982982982982982922e-01 4.931274339448143973e-01
2.992992992992992707e-01 4.789033079028398032e-01
3.003003003003003046e-01 4.642589836190551544e-01
3.013013013013012831e-01 4.493857635064963940e-01
3.023023023023023170e-01 4.344472173935317594e-01
3.033033033033032955e-01 4.195795013536906537e-01
3.043043043043043294e-01 4.048931763840685760e-01
3.053053053053053079e-01 3.904758181756237123e-01
3.063063063063062863e-01 3.763949396168145278e-01
3.073073073073073203e-01 3.627009225596583564e-01
3.083083083083082987e-01 3.494297804169905208e-01
3.093093093093093326e-01 3.366056583234797728e-01
3.103103103103103111e-01 3.242430329955055535e-01
3.113113113113112895e-01 3.123486086723445965e-01
3.123123123123123235e-01 3.009229253070749288e-01
3.133133133133133019e-01 2.899617054220510193e-01
3.143143143143143359e-01 2.794569702282008183e-01
3.153153153153153143e-01 2.693979561092365027e-01
3.163163163163162928e-01 2.597718609736140438e-01
3.173173173173173267e-01 2.505644473015699036e-01
3.183183183183183051e-01 2.417605256015042392e-01
3.193193193193193391e-01 2.333443388233046312e-01
3.203203203203203175e-01 2.252998652725343998e-01
3.213213213213212960e-01 2.176110548387261145e-01
3.223223223223223299e-01 2.102620109374912505e-01
3.233233233233233084e-01 2.032371284745697060e-01
3.243243243243243423e-01 1.965211963533252115e-01
3.253253253253253208e-01 1.900994715374760557e-01
3.263263263263262992e-01 1.839577304156190529e-01
3.273273273273273332e-01 1.780823021606824375e-01
3.283283283283283116e-01 1.724600879048072133e-01
3.293293293293293456e-01 1.670785688303298711e-01
3.303303303303303240e-01 1.619258056857693084e-01
3.313313313313313024e-01 1.569904317506038149e-01
3.323323323323323364e-01 1.522616408759509543e-01
3.333333333333333148e-01 1.477291719045752683e-01
3.343343343343343488e-01 1.433832905100692057e-01
3.353353353353353272e-01 1.392147692808251291e-01
3.363363363363363057e-01 1.352148667006037863e-01
3.373373373373373396e-01 1.313753055367915812e-01
3.383383383383383181e-01 1.276882510337207510e-01
3.393393393393393520e-01 1.241462892167546767e-01
3.403403403403403304e-01 1.207424055391308620e-01
3.413413413413413644e-01 1.174699640444366727e-01
3.423423423423423428e-01 1.143226871703819369e-01
3.433433433433433213e-01 1.112946362819364626e-01
3.443443443443443552e-01 1.083801929921568430e-01
3.453453453453453337e-01 1.055740413055913790e-01
3.463463463463463676e-01 1.028711506008544579e-01
3.473473473473473461e-01 1.002667594547913543e-01
3.483483483483483245e-01 9.775636029981200903e-02
3.493493493493493585e-01 9.533568489780593069e-02
3.503503503503503369e-01 9.300069060802522436e-02
3.513513513513513709e-01 9.074754742200032143e-02
3.523523523523523493e-01 8.857262573560119312e-02
3.533533533533533277e-01 8.647248482645962520e-02
3.543543543543543617e-01 8.444386200393039221e-02
3.553553553553553401e-01 8.248366239837562341e-02
3.563563563563563741e-01 8.058894935667042236e-02
3.573573573573573525e-01 7.875693541133275966e-02
3.583583583583583310e-01 7.698497379145949338e-02
3.593593593593593649e-01 7.527055044465343070e-02
3.603603603603603434e-01 7.361127654026186629e-02
3.613613613613613773e-01 7.200488142549173187e-02
3.623623623623623557e-01 7.044920600726424509e-02
3.633633633633633342e-01 6.894219653399938363e-02
3.643643643643643681e-01 6.748189875285511008e-02
3.653653653653653466e-01 6.606645241926496770e-02
3.663663663663663805e-01 6.469408613691252086e-02
3.673673673673673590e-01 6.336311250753881574e-02
3.683683683683683929e-01 6.207192357119048487e-02
3.693693693693693714e-01 6.081898651868403172e-02
3.703703703703703498e-01 5.960283965917173576e-02
3.713713713713713838e-01 5.842208862675681708e-02
3.723723723723723622e-01 5.727540281110841264e-02
3.733733733733733962e-01 5.616151199797852350e-02
3.743743743743743746e-01 5.507920320642319123e-02
3.753753753753753530e-01 5.402731771037081604e-02
3.763763763763763870e-01 5.300474823298310934e-02
3.773773773773773654e-01 5.201043630299535814e-02
3.783783783783783994e-01 5.104336976292653261e-02
3.793793793793793778e-01 5.010258041970831744e-02
3.803803803803803563e-01 4.918714182889260406e-02
3.813813813813813902e-01 4.829616720417811288e-02
3.823823823823823687e-01 4.742880744453061709e-02
3.833833833833834026e-01 4.658424927167637009e-02
3.843843843843843811e-01 4.576171347121733846e-02
3.853853853853853595e-01 4.496045323105574837e-02
3.863863863863863934e-01 4.417975257122530586e-02
3.873873873873873719e-01 4.341892485960788944e-02
3.883883883883884058e-01 4.267731140837114495e-02
3.893893893893893843e-01 4.195428014629686009e-02
3.903903903903903627e-01 4.124922436247773633e-02
3.913913913913913967e-01 4.056156151715220592e-02
3.923923923923923751e-01 3.989073211571606686e-02
3.933933933933934091e-01 3.923619864220146553e-02
3.943943943943943875e-01 3.859744454875039393e-02
3.953953953953953659e-01 3.797397329782740277e-02
3.963963963963963999e-01 3.736530745412307286e-02
3.973973973973973783e-01 3.677098782328981630e-02
3.983983983983984123e-01 3.619057263482948483e-02
3.993993993993993907e-01 3.562363676662102380e-02
4.004004004004003692e-01 3.506977100872907260e-02
4.014014014014014031e-01 3.452858136428273161e-02
4.024024024024023816e-01 3.399968838534730281e-02
4.034034034034034155e-01 3.348272654183948732e-02
4.044044044044043940e-01 3.297734362165480326e-02
4.054054054054054279e-01 3.248320016028774515e-02
4.064064064064064064e-01 3.199996889832736752e-02
4.074074074074073848e-01 3.152733426530871658e-02
4.084084084084084187e-01 3.106499188849190518e-02
4.094094094094093972e-01 3.061264812522361892e-02
4.104104104104104311e-01 3.017001961761744608e-02
4.114114114114114096e-01 2.973683286836154363e-02
4.124124124124123880e-01 2.931282383653459681e-02
4.134134134134134220e-01 2.889773755237270980e-02
4.144144144144144004e-01 2.849132774999527107e-02
4.154154154154154344e-01 2.809335651715012816e-02
4.164164164164164128e-01 2.770359396109799838e-02
4.174174174174173912e-01 2.732181788980030460e-02
4.184184184184184252e-01 2.694781350762727457e-02
4.194194194194194036e-01 2.658137312484409182e-02
4.204204204204204376e-01 2.622229588017552238e-02
4.214214214214214160e-01 2.587038747578947542e-02
4.224224224224223945e-01 2.552545992407520212e-02
4.234234234234234284e-01 2.518733130562717665e-02
4.244244244244244069e-01 2.485582553787883675e-02
4.254254254254254408e-01 2.453077215385831081e-02
4.264264264264264193e-01 2.421200609057116634e-02
4.274274274274273977e-01 2.389936748653744350e-02
4.284284284284284317e-01 2.359270148803910977e-02
4.294294294294294101e-01 2.329185806365692210e-02
4.304304304304304440e-01 2.299669182669712361e-02
4.314314314314314225e-01 2.270706186513185565e-02
4.324324324324324564e-01 2.242283157869407600e-02
4.334334334334334349e-01 2.214386852279021448e-02
4.344344344344344133e-01 2.187004425890808415e-02
4.354354354354354473e-01 2.160123421121655160e-02
4.364364364364364257e-01 2.133731752906834964e-02
4.374374374374374597e-01 2.107817695513257428e-02
4.384384384384384381e-01 2.082369869889716049e-02
4.394394394394394165e-01 2.057377231529518638e-02
4.404404404404404505e-01 2.032829058822069324e-02
4.414414414414414289e-01 2.008714941871325710e-02
4.424424424424424629e-01 1.985024771759918635e-02
4.434434434434434413e-01 1.961748730239000829e-02
4.444444444444444198e-01 1.938877279824746669e-02
4.454454454454454537e-01 1.916401154283454283e-02
4.464464464464464322e-01 1.894311349488017257e-02
4.474474474474474661e-01 1.872599114629477229e-02
4.484484484484484446e-01 1.851255943768044185e-02
4.494494494494494230e-01 1.830273567708828528e-02
4.504504504504504570e-01 1.809643946188194824e-02
4.514514514514514354e-01 1.789359260357323983e-02
4.524524524524524693e-01 1.769411905550264189e-02
4.534534534534534478e-01 1.749794484324275826e-02
4.544544544544544262e-01 1.730499799760906038e-02
4.554554554554554602e-01 1.711520849016764587e-02
4.564564564564564386e-01 1.692850817113556589e-02
4.574574574574574726e-01 1.674483070957184447e-02
4.584584584584584510e-01 1.656411153576591022e-02
4.594594594594594295e-01 1.638628778573032047e-02
4.604604604604604634e-01 1.621129824771228717e-02
4.614614614614614418e-01 1.603908331064030079e-02
4.624624624624624758e-01 1.586958491442699848e-02
4.634634634634634542e-01 1.570274650205277095e-02
4.644644644644644327e-01 1.553851297335794024e-02
4.654654654654654666e-01 1.537683064047478017e-02
4.664664664664664451e-01 1.521764718483301082e-02
4.674674674674674790e-01 1.506091161567722943e-02
4.684684684684684575e-01 1.490657423003442089e-02
4.694694694694694914e-01 1.475458657407606629e-02
4.704704704704704699e-01 1.460490140581806838e-02
4.714714714714714483e-01 1.445747265910794603e-02
4.724724724724724823e-01 1.431225540884758715e-02
4.734734734734734607e-01 1.416920583740421610e-02
4.744744744744744946e-01 1.402828120216376498e-02
4.754754754754754731e-01 1.388943980418249138e-02
4.764764764764764515e-01 1.375264095789453279e-02
4.774774774774774855e-01 1.361784496183581633e-02
4.784784784784784639e-01 1.348501307034513826e-02
4.794794794794794979e-01 1.335410746620576197e-02
4.804804804804804763e-01 1.322509123419173503e-02
4.814814814814814548e-01 1.309792833548612499e-02
4.824824824824824887e-01 1.297258358293727244e-02
4.834834834834834671e-01 1.284902261712298280e-02
4.844844844844845011e-01 1.272721188319229577e-02
4.854854854854854795e-01 1.260711860845646973e-02
4.864864864864864580e-01 1.248871078070147057e-02
4.874874874874874919e-01 1.237195712719620783e-02
4.884884884884884704e-01 1.225682709437031156e-02
4.894894894894895043e-01 1.214329082813810426e-02
4.904904904904904828e-01 1.203131915484541292e-02
4.914914914914914612e-01 1.192088356281619486e-02
4.924924924924924952e-01 1.181195618447826966e-02
4.934934934934934736e-01 1.170450977904759042e-02
4.944944944944945076e-01 1.159851771575063674e-02
4.954954954954954860e-01 1.149395395756660013e-02
4.964964964964965199e-01 1.139079304547093233e-02
4.974974974974974984e-01 1.128901008316261084e-02
4.984984984984984768e-01 1.118858072225839377e-02
4.994994994994995108e-01 1.108948114793784599e-02
5.005005005005005447e-01 1.099168806502387810e-02
5.015015015015015232e-01 1.089517868448299127e-02
5.025025025025025016e-01 1.079993071033193315e-02
5.035035035035034801e-01 1.070592232693627112e-02
5.045045045045044585e-01 1.061313218668758634e-02
5.055055055055055480e-01 1.052153939804665282e-02
5.065065065065065264e-01 1.043112351394036991e-02
5.075075075075075048e-01 1.034186452050035038e-02
5.085085085085084833e-01 1.025374282613182066e-02
5.095095095095094617e-01 1.016673925090200159e-02
5.105105105105105512e-01 1.008083501623710174e-02
5.115115115115115296e-01 9.996011734918042180e-03
5.125125125125125081e-01 9.912251401364844533e-03
5.135135135135134865e-01 9.829536382200528000e-03
5.145145145145144649e-01 9.747849407084920731e-03
5.155155155155155544e-01 9.667173559809959932e-03
5.165165165165165329e-01 9.587492269648379556e-03
5.175175175175175113e-01 9.508789302946615840e-03
5.185185185185184897e-01 9.431048754954957092e-03
5.195195195195194682e-01 9.354255041887358721e-03
5.205205205205205576e-01 9.278392893202619396e-03
5.215215215215215361e-01 9.203447344101299554e-03
5.225225225225225145e-01 9.129403728230268966e-03
5.235235235235234930e-01 9.056247670589706936e-03
5.245245245245244714e-01 8.983965080634499084e-03
5.255255255255255609e-01 8.912542145565372984e-03
5.265265265265265393e-01 8.841965323803803456e-03
5.275275275275275177e-01 8.772221338643420782e-03
5.285285285285284962e-01 8.703297172074807991e-03
5.295295295295294746e-01 8.635180058776498538e-03
5.305305305305305641e-01 8.567857480267651940e-03
5.315315315315315425e-01 8.501317159218113942e-03
5.325325325325325210e-01 8.435547053909808746e-03
5.335335335335334994e-01 8.370535352845999075e-03
5.345345345345344779e-01 8.306270469503653983e-03
5.355355355355355673e-01 8.242741037223702896e-03
5.365365365365365458e-01 8.179935904236775024e-03
5.375375375375375242e-01 8.117844128818810581e-03
5.385385385385385026e-01 8.056454974573299885e-03
5.395395395395394811e-01 7.995757905836661794e-03
5.405405405405405705e-01 7.935742583202485406e-03
5.415415415415415490e-01 7.876398859161696381e-03
5.425425425425425274e-01 7.817716773854935589e-03
5.435435435435435059e-01 7.759686550934095234e-03
5.445445445445444843e-01 7.702298593529222949e-03
5.455455455455455738e-01 7.645543480318839694e-03
5.465465465465465522e-01 7.589411961699668585e-03
5.475475475475475307e-01 7.533894956053129206e-03
5.485485485485485091e-01 7.478983546106441997e-03
5.495495495495495986e-01 7.424668975384603534e-03
5.505505505505505770e-01 7.370942644751663636e-03
5.515515515515515554e-01 7.317796109037999659e-03
5.525525525525525339e-01 7.265221073751504562e-03
5.535535535535535123e-01 7.213209391870293100e-03
5.545545545545546018e-01 7.161753060714500137e-03
5.555555555555555802e-01 7.110844218895300169e-03
5.565565565565565587e-01 7.060475143338397659e-03
5.575575575575575371e-01 7.010638246380368824e-03
5.585585585585585155e-01 6.961326072935876408e-03
5.595595595595596050e-01 6.912531297733485840e-03
5.605605605605605835e-01 6.864246722618177164e-03
5.615615615615615619e-01 6.816465273919305491e-03
5.625625625625625403e-01 6.769179999881388791e-03
5.635635635635635188e-01 6.722384068156729911e-03
5.645645645645646082e-01 6.676070763357341842e-03
5.655655655655655867e-01 6.630233484666029665e-03
5.665665665665665651e-01 6.584865743503049568e-03
5.675675675675675436e-01 6.539961161248576509e-03
5.685685685685685220e-01 6.495513467018649949e-03
5.695695695695696115e-01 6.451516495493200311e-03
5.705705705705705899e-01 6.407964184794957482e-03
5.715715715715715683e-01 6.364850574417850113e-03
5.725725725725725468e-01 6.322169803203490576e-03
5.735735735735735252e-01 6.279916107364632780e-03
5.745745745745746147e-01 6.238083818554113549e-03
5.755755755755755931e-01 6.196667361978299218e-03
5.765765765765765716e-01 6.155661254553867340e-03
5.775775775775775500e-01 6.115060103106811570e-03
5.785785785785785285e-01 6.074858602612190003e-03
5.795795795795796179e-01 6.035051534474194547e-03
5.805805805805805964e-01 5.995633764844946270e-03
5.815815815815815748e-01 5.956600242981511042e-03
5.825825825825825532e-01 5.917945999639503095e-03
5.835835835835835317e-01 5.879666145503064864e-03
5.845845845845846211e-01 5.841755869649914272e-03
5.855855855855855996e-01 5.804210438050437688e-03
5.865865865865865780e-01 5.767025192100130350e-03
5.875875875875875565e-01 5.730195547185076323e-03
5.885885885885885349e-01 5.693716991278051538e-03
5.895895895895896244e-01 5.657585083566843247e-03
5.905905905905906028e-01 5.621795453111489045e-03
5.915915915915915813e-01 5.586343797531700094e-03
5.925925925925925597e-01 5.551225881722579407e-03
5.935935935935935381e-01 5.516437536598362869e-03
5.945945945945946276e-01 5.481974657863196779e-03
5.955955955955956060e-01 5.447833204808923309e-03
5.965965965965965845e-01 5.414009199138320426e-03
5.975975975975975629e-01 5.380498723813641887e-03
5.985985985985985414e-01 5.347297921930546649e-03
5.995995995995996308e-01 5.314402995614799993e-03
6.006006006006006093e-01 5.281810204943661498e-03
6.016016016016015877e-01 5.249515866889737682e-03
6.026026026026025662e-01 5.217516354286604562e-03
6.036036036036035446e-01 5.185808094817399676e-03
6.046046046046046341e-01 5.154387570023667882e-03
6.056056056056056125e-01 5.123251314335726392e-03
6.066066066066065909e-01 5.092395914122700706e-03
6.076076076076075694e-01 5.061818006762761404e-03
6.086086086086086588e-01 5.031514279732782029e-03
6.096096096096096373e-01 5.001481469716408459e-03
6.106106106106106157e-01 4.971716361730998610e-03
6.116116116116115942e-01 4.942215788272335229e-03
6.126126126126125726e-01 4.912976628477058912e-03
6.136136136136136621e-01 4.883995807302133479e-03
6.146146146146146405e-01 4.855270294721004617e-03
6.156156156156156189e-01 4.826797104936476901e-03
6.166166166166165974e-01 4.798573295609281399e-03
6.176176176176175758e-01 4.770595967102334717e-03
6.186186186186186653e-01 4.742862261740126567e-03
6.196196196196196437e-01 4.715369363083548974e-03
6.206206206206206222e-01 4.688114495218520007e-03
6.216216216216216006e-01 4.661094922059605059e-03
6.226226226226225791e-01 4.634307946666926976e-03
6.236236236236236685e-01 4.607750910577066740e-03
6.246246246246246470e-01 4.581421193147187064e-03
6.256256256256256254e-01 4.555316210911939181e-03
6.266266266266266038e-01 4.529433416953403471e-03
6.276276276276275823e-01 4.503770300283126311e-03
6.286286286286286717e-01 4.478324385236552400e-03
6.296296296296296502e-01 4.453093230879038959e-03
6.306306306306306286e-01 4.428074430423833453e-03
6.316316316316316071e-01 4.403265610660809203e-03
6.326326326326325855e-01 4.378664431397223493e-03
6.336336336336336750e-01 4.354268584908158914e-03
6.346346346346346534e-01 4.330075795398668874e-03
6.356356356356356319e-01 4.306083818475490120e-03
6.366366366366366103e-01 4.282290440629244258e-03
6.376376376376375887e-01 4.258693478726713680e-03
6.386386386386386782e-01 4.235290779512416483e-03
6.396396396396396566e-01 4.212080219119925320e-03
6.406406406406406351e-01 4.189059702592617951e-03
6.416416416416416135e-01 4.166227163413035485e-03
6.426426426426425920e-01 4.143580563041664513e-03
6.436436436436436814e-01 4.121117890464268824e-03
6.446446446446446599e-01 4.098837161747380387e-03
6.456456456456456383e-01 4.076736419602591463e-03
6.466466466466466168e-01 4.054813732958688528e-03
6.476476476476475952e-01 4.033067196542142359e-03
6.486486486486486847e-01 4.011494930464749517e-03
6.496496496496496631e-01 3.990095079819754031e-03
6.506506506506506415e-01 3.968865814284549751e-03
6.516516516516516200e-01 3.947805327731673808e-03
6.526526526526525984e-01 3.926911837846124888e-03
6.536536536536536879e-01 3.906183585750218866e-03
6.546546546546546663e-01 3.885618835635021653e-03
6.556556556556556448e-01 3.865215874398806369e-03
6.566566566566566232e-01 3.844973011291902970e-03
6.576576576576576016e-01 3.824888577567877885e-03
6.586586586586586911e-01 3.804960926141419657e-03
6.596596596596596696e-01 3.785188431252110505e-03
6.606606606606606480e-01 3.765569488134399515e-03
6.616616616616616264e-01 3.746102512693210221e-03
6.626626626626626049e-01 3.726785941185999616e-03
6.636636636636636943e-01 3.707618229909820113e-03
6.646646646646646728e-01 3.688597854894389710e-03
6.656656656656656512e-01 3.669723311600672083e-03
6.666666666666666297e-01 3.650993114624326904e-03
6.676676676676676081e-01 3.632405797404981897e-03
6.686686686686686976e-01 3.613959911940380337e-03
6.696696696696696760e-01 3.595654028505397472e-03
6.706706706706706544e-01 3.577486735376568180e-03
6.716716716716716329e-01 3.559456638560658248e-03
6.726726726726726113e-01 3.541562361528747312e-03
6.736736736736737008e-01 3.523802544954295589e-03
6.746746746746746792e-01 3.506175846456525795e-03
6.756756756756756577e-01 3.488680940347160895e-03
6.766766766766766361e-01 3.471316517382921126e-03
6.776776776776777256e-01 3.454081284521182994e-03
6.786786786786787040e-01 3.436973964680197120e-03
6.796796796796796825e-01 3.419993296503796420e-03
6.806806806806806609e-01 3.403138034129651792e-03
6.816816816816816393e-01 3.386406946961700686e-03
6.826826826826827288e-01 3.369798819446376877e-03
6.836836836836837072e-01 3.353312450852949378e-03
6.846846846846846857e-01 3.336946655057091825e-03
6.856856856856856641e-01 3.320700260328502025e-03
6.866866866866866426e-01 3.304572109122125810e-03
6.876876876876877320e-01 3.288561057872676444e-03
6.886886886886887105e-01 3.272665976792501607e-03
6.896896896896896889e-01 3.256885749673635397e-03
6.906906906906906674e-01 3.241219273691866090e-03
6.916916916916916458e-01 3.225665459215496314e-03
6.926926926926927353e-01 3.210223229616056533e-03
6.936936936936937137e-01 3.194891521083138061e-03
6.946946946946946921e-01 3.179669282441502029e-03
6.956956956956956706e-01 3.164555474971984372e-03
6.966966966966966490e-01 3.149549072234491143e-03
6.976976976976977385e-01 3.134649059894916486e-03
6.986986986986987169e-01 3.119854435553833481e-03
6.996996996996996954e-01 3.105164208579042160e-03
7.007007007007006738e-01 3.090577399939957188e-03
7.017017017017016522e-01 3.076093042045284585e-03
7.027027027027027417e-01 3.061710178583100603e-03
7.037037037037037202e-01 3.047427864363719610e-03
7.047047047047046986e-01 3.033245165164584218e-03
7.057057057057056770e-01 3.019161157578635710e-03
7.067067067067066555e-01 3.005174928863952113e-03
7.077077077077077449e-01 2.991285576796739488e-03
7.087087087087087234e-01 2.977492209526410531e-03
7.097097097097097018e-01 2.963793945432626874e-03
7.107107107107106803e-01 2.950189912985187648e-03
7.117117117117116587e-01 2.936679250605752928e-03
7.127127127127127482e-01 2.923261106532038314e-03
7.137137137137137266e-01 2.909934638683776744e-03
7.147147147147147050e-01 2.896699014531342684e-03
7.157157157157156835e-01 2.883553410966146167e-03
7.167167167167166619e-01 2.870497014172924619e-03
7.177177177177177514e-01 2.857529019504187039e-03
7.187187187187187298e-01 2.844648631357065555e-03
7.197197197197197083e-01 2.831855063051300601e-03
7.207207207207206867e-01 2.819147536709509880e-03
7.217217217217216652e-01 2.806525283139795282e-03
7.227227227227227546e-01 2.793987541719110488e-03
7.237237237237237331e-01 2.781533560279603624e-03
7.247247247247247115e-01 2.769162594995907070e-03
7.257257257257256899e-01 2.756873910274327232e-03
7.267267267267266684e-01 2.744666778644124210e-03
7.277277277277277578e-01 2.732540480650179262e-03
7.287287287287287363e-01 2.720494304746996685e-03
7.297297297297297147e-01 2.708527547195105703e-03
7.307307307307306932e-01 2.696639511958288937e-03
7.317317317317316716e-01 2.684829510602959341e-03
7.327327327327327611e-01 2.673096862198425308e-03
7.337337337337337395e-01 2.661440893219496357e-03
7.347347347347347180e-01 2.649860937449846892e-03
7.357357357357356964e-01 2.638356335887220502e-03
7.367367367367367859e-01 2.626926436649891505e-03
7.377377377377377643e-01 2.615570594884715928e-03
7.387387387387387427e-01 2.604288172676382483e-03
7.397397397397397212e-01 2.593078538958116814e-03
7.407407407407406996e-01 2.581941069423718434e-03
7.417417417417417891e-01 2.570875146440859682e-03
7.427427427427427675e-01 2.559880158965907333e-03
7.437437437437437460e-01 2.548955502459501407e-03
7.447447447447447244e-01 2.538100578803904710e-03
7.457457457457457028e-01 2.527314796221557126e-03
7.467467467467467923e-01 2.516597569194325978e-03
7.477477477477477708e-01 2.505948318384335419e-03
7.487487487487487492e-01 2.495366470556193567e-03
7.497497497497497276e-01 2.484851458499719688e-03
7.507507507507507061e-01 2.474402720954447295e-03
7.517517517517517955e-01 2.464019702534697102e-03
7.527527527527527740e-01 2.453701853656291895e-03
7.537537537537537524e-01 2.443448630463718532e-03
7.547547547547547309e-01 2.433259494758868106e-03
7.557557557557557093e-01 2.423133913930540246e-03
7.567567567567567988e-01 2.413071360885143523e-03
7.577577577577577772e-01 2.403071313978162159e-03
7.587587587587587556e-01 2.393133256946756819e-03
7.597597597597597341e-01 2.383256678843442226e-03
7.607607607607607125e-01 2.373441073970463874e-03
7.617617617617618020e-01 2.363685941815435888e-03
7.627627627627627804e-01 2.353990786987362246e-03
7.637637637637637589e-01 2.344355119154427000e-03
7.647647647647647373e-01 2.334778452981598439e-03
7.657657657657657158e-01 2.325260308070191319e-03
7.667667667667668052e-01 2.315800208897493724e-03
7.677677677677677837e-01 2.306397684757533623e-03
7.687687687687687621e-01 2.297052269702920969e-03
7.697697697697697405e-01 2.287763502487005947e-03
7.707707707707707190e-01 2.278530926507303135e-03
7.717717717717718084e-01 2.269354089749484656e-03
7.727727727727727869e-01 2.260232544732070255e-03
7.737737737737737653e-01 2.251165848452255785e-03
7.747747747747747438e-01 2.242153562332122475e-03
7.757757757757757222e-01 2.233195252165730890e-03
7.767767767767768117e-01 2.224290488067101352e-03
7.777777777777777901e-01 2.215438844418574690e-03
7.787787787787787686e-01 2.206639899820184766e-03
7.797797797797797470e-01 2.197893237039663314e-03
7.807807807807807254e-01 2.189198442963205885e-03
7.817817817817818149e-01 2.180555108546489759e-03
7.827827827827827933e-01 2.171962828767084411e-03
7.837837837837837718e-01 2.163421202576734908e-03
7.847847847847847502e-01 2.154929832855101597e-03
7.857857857857857287e-01 2.146488326363309856e-03
7.867867867867868181e-01 2.138096293698953966e-03
7.877877877877877966e-01 2.129753349250850317e-03
7.887887887887887750e-01 2.121459111155308067e-03
7.897897897897897534e-01 2.113213201252145661e-03
7.907907907907907319e-01 2.105015245041911252e-03
7.917917917917918214e-01 2.096864871643546770e-03
7.927927927927927998e-01 2.088761713752238913e-03
7.937937937937937782e-01 2.080705407598412455e-03
7.947947947947947567e-01 2.072695592907037969e-03
7.957957957957957351e-01 2.064731912857130369e-03
7.967967967967968246e-01 2.056814014042385435e-03
7.977977977977978030e-01 2.048941546432071336e-03
7.987987987987987815e-01 2.041114163332235013e-03
7.997997997997997599e-01 2.033331521347794563e-03
8.008008008008007383e-01 2.025593280344886640e-03
8.018018018018018278e-01 2.017899103413970177e-03
8.028028028028028062e-01 2.010248656832868547e-03
8.038038038038037847e-01 2.002641610031079787e-03
8.048048048048047631e-01 1.995077635553891247e-03
8.058058058058058526e-01 1.987556409027322127e-03
8.068068068068068310e-01 1.980077609123317116e-03
8.078078078078078095e-01 1.972640917525825613e-03
8.088088088088087879e-01 1.965246018896502338e-03
8.098098098098097664e-01 1.957892600841861647e-03
8.108108108108108558e-01 1.950580353880056053e-03
8.118118118118118343e-01 1.943308971408344750e-03
8.128128128128128127e-01 1.936078149671391097e-03
8.138138138138137911e-01 1.928887587729176097e-03
8.148148148148147696e-01 1.921736987426116193e-03
8.158158158158158590e-01 1.914626053359864489e-03
8.168168168168168375e-01 1.907554492851250803e-03
8.178178178178178159e-01 1.900522015914030919e-03
8.188188188188187944e-01 1.893528335225207844e-03
8.198198198198197728e-01 1.886573166095667064e-03
8.208208208208208623e-01 1.879656226441635356e-03
8.218218218218218407e-01 1.872777236755760561e-03
8.228228228228228192e-01 1.865935920079076502e-03
8.238238238238237976e-01 1.859132001973284052e-03
8.248248248248247760e-01 1.852365210492970407e-03
8.258258258258258655e-01 1.845635276159028788e-03
8.268268268268268439e-01 1.838941931931320712e-03
8.278278278278278224e-01 1.832284913182601798e-03
8.288288288288288008e-01 1.825663957672323543e-03
8.298298298298297793e-01 1.819078805520875060e-03
8.308308308308308687e-01 1.812529199184018461e-03
8.318318318318318472e-01 1.806014883428015520e-03
8.328328328328328256e-01 1.799535605304569815e-03
8.338338338338338041e-01 1.793091114126397481e-03
8.348348348348347825e-01 1.786681161443179604e-03
8.358358358358358720e-01 1.780305501017324455e-03
8.368368368368368504e-01 1.773963888800806103e-03
8.378378378378378288e-01 1.767656082911431888e-03
8.388388388388388073e-01 1.761381843610250464e-03
8.398398398398397857e-01 1.755140933278453736e-03
8.408408408408408752e-01 1.748933116395036229e-03
8.418418418418418536e-01 1.742758159514836737e-03
8.428428428428428321e-01 1.736615831246198340e-03
8.438438438438438105e-01 1.730505902229895632e-03
8.448448448448447889e-01 1.724428145117110891e-03
8.458458458458458784e-01 1.718382334549056712e-03
8.468468468468468568e-01 1.712368247135523771e-03
8.478478478478478353e-01 1.706385661434501938e-03
8.488488488488488137e-01 1.700434357931930422e-03
8.498498498498497922e-01 1.694514119021573026e-03
8.508508508508508816e-01 1.688624728984957149e-03
8.518518518518518601e-01 1.682765973972135277e-03
8.528528528528528385e-01 1.676937641981877253e-03
8.538538538538538170e-01 1.671139522842938303e-03
8.548548548548547954e-01 1.665371408194820518e-03
8.558558558558558849e-01 1.659633091469357030e-03
8.568568568568568633e-01 1.653924367871916932e-03
8.578578578578578417e-01 1.648245034363685730e-03
8.588588588588588202e-01 1.642594889643059566e-03
8.598598598598597986e-01 1.636973734128368890e-03
8.608608608608608881e-01 1.631381369939779438e-03
8.618618618618618665e-01 1.625817600882394510e-03
8.628628628628628450e-01 1.620282232428726455e-03
8.638638638638638234e-01 1.614775071701988682e-03
8.648648648648649129e-01 1.609295927459073253e-03
8.658658658658658913e-01 1.603844610074159262e-03
8.668668668668668698e-01 1.598420931522259421e-03
8.678678678678678482e-01 1.593024705363082789e-03
8.688688688688688266e-01 1.587655746725023928e-03
8.698698698698699161e-01 1.582313872289278040e-03
8.708708708708708945e-01 1.576998900274463947e-03
8.718718718718718730e-01 1.571710650420865205e-03
8.728728728728728514e-01 1.566448943975369459e-03
8.738738738738738299e-01 1.561213603676405836e-03
8.748748748748749193e-01 1.556004453738884510e-03
8.758758758758758978e-01 1.550821319839704171e-03
8.768768768768768762e-01 1.545664029102942691e-03
8.778778778778778547e-01 1.540532410085682915e-03
8.788788788788788331e-01 1.535426292763646334e-03
8.798798798798799226e-01 1.530345508517207522e-03
8.808808808808809010e-01 1.525289890117408152e-03
8.818818818818818794e-01 1.520259271712414654e-03
8.828828828828828579e-01 1.515253488813721747e-03
8.838838838838838363e-01 1.510272378282863587e-03
8.848848848848849258e-01 1.505315778318059433e-03
8.858858858858859042e-01 1.500383528441178501e-03
8.868868868868868827e-01 1.495475469484766617e-03
8.878878878878878611e-01 1.490591443579135107e-03
8.888888888888888395e-01 1.485731294139831966e-03
8.898898898898899290e-01 1.480894865854983809e-03
8.908908908908909074e-01 1.476082004672956555e-03
8.918918918918918859e-01 1.471292557790077711e-03
8.928928928928928643e-01 1.466526373638675886e-03
8.938938938938938428e-01 1.461783301874929704e-03
8.948948948948949322e-01 1.457063193367097919e-03
8.958958958958959107e-01 1.452365900183874873e-03
8.968968968968968891e-01 1.447691275582618656e-03
8.978978978978978676e-01 1.443039173998214618e-03
8.988988988988988460e-01 1.438409451031557023e-03
8.998998998998999355e-01 1.433801963438410170e-03
9.009009009009009139e-01 1.429216569118335221e-03
9.019019019019018923e-01 1.424653127103804595e-03
9.029029029029028708e-01 1.420111497549190376e-03
9.039039039039038492e-01 1.415591541720449213e-03
9.049049049049049387e-01 1.411093121984237364e-03
9.059059059059059171e-01 1.406616101797406081e-03
9.069069069069068956e-01 1.402160345697001792e-03
9.079079079079078740e-01 1.397725719289634851e-03
9.089089089089088525e-01 1.393312089241607876e-03
9.099099099099099419e-01 1.388919323268915504e-03
9.109109109109109204e-01 1.384547290127246524e-03
9.119119119119118988e-01 1.380195859602111139e-03
9.129129129129128772e-01 1.375864902499412306e-03
9.139139139139138557e-01 1.371554290635762074e-03
9.149149149149149451e-01 1.367263896828926732e-03
9.159159159159159236e-01 1.362993594888460168e-03
9.169169169169169020e-01 1.358743259606718214e-03
9.179179179179178805e-01 1.354512766749238527e-03
9.189189189189188589e-01 1.350301993046007770e-03
9.199199199199199484e-01 1.346110816182539494e-03
9.209209209209209268e-01 1.341939114790759472e-03
9.219219219219219053e-01 1.337786768440210865e-03
9.229229229229228837e-01 1.333653657629825994e-03
9.239239239239238621e-01 1.329539663778814274e-03
9.249249249249249516e-01 1.325444669218371965e-03
9.259259259259259300e-01 1.321368557183454605e-03
9.269269269269269085e-01 1.317311211804171036e-03
9.279279279279278869e-01 1.313272518097746222e-03
9.289289289289288654e-01 1.309252361960294101e-03
9.299299299299299548e-01 1.305250630158906596e-03
9.309309309309309333e-01 1.301267210323554845e-03
9.319319319319319117e-01 1.297301990939240439e-03
9.329329329329328901e-01 1.293354861338211507e-03
9.339339339339339796e-01 1.289425711692370044e-03
9.349349349349349581e-01 1.285514433005359837e-03
9.359359359359359365e-01 1.281620917105353056e-03
9.369369369369369149e-01 1.277745056637328994e-03
9.379379379379378934e-01 1.273886745055860222e-03
9.389389389389389828e-01 1.270045876617644821e-03
9.399399399399399613e-01 1.266222346374418087e-03
9.409409409409409397e-01 1.262416050165675796e-03
9.419419419419419182e-01 1.258626884611649226e-03
9.429429429429428966e-01 1.254854747106280179e-03
9.439439439439439861e-01 1.251099535810387253e-03
9.449449449449449645e-01 1.247361149644513794e-03
9.459459459459459429e-01 1.243639488282536959e-03
9.469469469469469214e-01 1.239934452144642518e-03
9.479479479479478998e-01 1.236245942390743965e-03
9.489489489489489893e-01 1.232573860913900327e-03
9.499499499499499677e-01 1.228918110334051642e-03
9.509509509509509462e-01 1.225278593990994196e-03
9.519519519519519246e-01 1.221655215938748096e-03
9.529529529529529031e-01 1.218047880938469404e-03
9.539539539539539925e-01 1.214456494452818142e-03
9.549549549549549710e-01 1.210880962639503599e-03
9.559559559559559494e-01 1.207321192345081184e-03
9.569569569569569278e-01 1.203777091099258621e-03
9.579579579579579063e-01 1.200248567108313331e-03
9.589589589589589957e-01 1.196735529249776369e-03
9.599599599599599742e-01 1.193237887066168120e-03
9.609609609609609526e-01 1.189755550759175702e-03
9.619619619619619311e-01 1.186288431184273802e-03
9.629629629629629095e-01 1.182836439844459943e-03
9.639639639639639990e-01 1.179399488885127505e-03
9.649649649649649774e-01 1.175977491088244864e-03
9.659659659659659559e-01 1.172570359866848726e-03
9.669669669669669343e-01 1.169178009259475882e-03
9.679679679679679127e-01 1.165800353925099770e-03
9.689689689689690022e-01 1.162437309137244988e-03
9.699699699699699806e-01 1.159088790779242177e-03
9.709709709709709591e-01 1.155754715338404553e-03
9.719719719719719375e-01 1.152434999901471874e-03
9.729729729729729160e-01 1.149129562148788926e-03
9.739739739739740054e-01 1.145838320349748182e-03
9.749749749749749839e-01 1.142561193357410866e-03
9.759759759759759623e-01 1.139298100603697858e-03
9.769769769769769407e-01 1.136048962094389795e-03
9.779779779779779192e-01 1.132813698404064491e-03
9.789789789789790087e-01 1.129592230671666890e-03
9.799799799799799871e-01 1.126384480595193438e-03
9.809809809809809655e-01 1.123190370427389105e-03
9.819819819819819440e-01 1.120009822970746607e-03
9.829829829829829224e-01 1.116842761572888355e-03
9.839839839839840119e-01 1.113689110122198641e-03
9.849849849849849903e-01 1.110548793042888133e-03
9.859859859859859688e-01 1.107421735290753557e-03
9.869869869869869472e-01 1.104307862348621449e-03
9.879879879879879256e-01 1.101207100221854567e-03
9.889889889889890151e-01 1.098119375433922280e-03
9.899899899899899935e-01 1.095044615022287534e-03
9.909909909909909720e-01 1.091982746533913052e-03
9.919919919919919504e-01 1.088933698020957920e-03
9.929929929929930399e-01 1.085897398036728308e-03
9.939939939939940183e-01 1.082873775631246335e-03
9.949949949949949968e-01 1.079862760347517379e-03
9.959959959959959752e-01 1.076864282216910074e-03
9.969969969969969537e-01 1.073878271755548302e-03
9.979979979979980431e-01 1.070904659960072829e-03
9.989989989989990216e-01 1.067943378303652310e-03
1.000000000000000000e+00 1.064994358732125048e-03
