0.000000000000000000e+00 5.335919311085284000e-03
1.001001001001000992e-03 2.226836758232184337e-03
2.002002002002001985e-03 3.244724442603101784e-03
3.003003003003002977e-03 -4.013593178891355050e-03
4.004004004004003969e-03 2.262205162124148513e-03
5.005005005005004962e-03 -4.965515312153330300e-03
6.006006006006005954e-03 9.703249210473699395e-04
7.007007007007006946e-03 -3.272718913102054452e-03
8.008008008008007939e-03 1.128873133108613614e-03
9.009009009009008931e-03 2.634269304671064266e-03
1.001001001001000992e-02 1.978253314323760292e-03
1.101101101101101092e-02 -8.219575507524598534e-03
1.201201201201201191e-02 -3.623408505268114186e-04
1.301301301301301290e-02 -2.274836714486885153e-03
1.401401401401401389e-02 1.020679239141826164e-02
1.501501501501501488e-02 -1.726835586763580130e-03
1.601601601601601588e-02 3.418378639900625671e-03
1.701701701701701513e-02 -6.460476389527091724e-03
1.801801801801801786e-02 -2.023414816773366136e-04
1.901901901901902059e-02 2.869044720239082307e-04
2.002002002002001985e-02 2.352299147642820682e-03
2.102102102102101910e-02 -3.590787329177387403e-03
2.202202202202202183e-02 3.281293149704932275e-03
2.302302302302302456e-02 4.902192134892680020e-03
2.402402402402402382e-02 -6.019184236110826326e-04
2.502502502502502307e-02 4.286698879075554781e-03
2.602602602602602580e-02 -5.591222508379662011e-03
2.702702702702702853e-02 1.620458172840474539e-03
2.802802802802802778e-02 5.498668620450973706e-05
2.902902902902902704e-02 1.634091562543988230e-03
3.003003003003002977e-02 -1.745909386401881761e-03
3.103103103103103250e-02 1.827786200291140525e-03
3.203203203203203175e-02 -2.254607543807894167e-03
3.303303303303303101e-02 3.072149606203372803e-03
3.403403403403403027e-02 2.324814853117713326e-03
3.503503503503503647e-02 1.699714484387803695e-03
3.603603603603603572e-02 -3.478259744415086686e-04
3.703703703703703498e-02 -4.780669086271160766e-03
3.803803803803804118e-02 -2.103474618514735231e-03
3.903903903903904044e-02 7.974245217581318879e-03
4.004004004004003969e-02 2.902319312590139096e-03
4.104104104104103895e-02 -4.807215787038353750e-04
4.204204204204203821e-02 4.406060364975820237e-03
4.304304304304304440e-02 -1.776661686065391689e-03
4.404404404404404366e-02 -2.362604528866076150e-05
4.504504504504504292e-02 3.184128576844304573e-03
4.604604604604604912e-02 -7.279538711662635400e-03
4.704704704704704837e-02 -3.811870386858627786e-03
4.804804804804804763e-02 -8.564217069660850709e-03
4.904904904904904689e-02 -1.989504756704264798e-03
5.005005005005004615e-02 -4.812052347219299142e-03
5.105105105105105234e-02 2.664797749072901796e-03
5.205205205205205160e-02 -7.292042058170168650e-03
5.305305305305305086e-02 6.581001623062328028e-04
5.405405405405405705e-02 1.727971195403684573e-03
5.505505505505505631e-02 2.394218537432283992e-04
5.605605605605605557e-02 -1.753213679690322898e-03
5.705705705705705483e-02 -6.820395679709863844e-03
5.805805805805805409e-02 5.880846812843739703e-04
5.905905905905906028e-02 6.475352325893460846e-03
6.006006006006005954e-02 3.608469510732939447e-03
6.106106106106105880e-02 -1.874227945399938901e-03
6.206206206206206499e-02 2.025581663757316728e-03
6.306306306306305731e-02 1.651667898732922610e-03
6.406406406406406351e-02 -2.360312790591745976e-03
6.506506506506506970e-02 3.182656806666326471e-03
6.606606606606606202e-02 6.916092484010630606e-03
6.706706706706706822e-02 2.736867431243879614e-04
6.806806806806806054e-02 4.811698140927240033e-03
6.906906906906906674e-02 -3.645116419180725507e-04
7.007007007007007293e-02 -7.532719871815354504e-03
7.107107107107106525e-02 5.167144570210321051e-03
7.207207207207207145e-02 4.924146936824160253e-04
7.307307307307307764e-02 3.417766193708506733e-03
7.407407407407406996e-02 2.565194872652202911e-03
7.507507507507507616e-02 1.226799629273055093e-03
7.607607607607608236e-02 1.483686424413619169e-03
7.707707707707707467e-02 1.771638428630788924e-03
7.807807807807808087e-02 2.743500657589629526e-05
7.907907907907907319e-02 4.086630801808709655e-03
8.008008008008007939e-02 -4.484344296039637599e-03
8.108108108108108558e-02 -3.073693975854260418e-03
8.208208208208207790e-02 -6.956818313318181325e-04
8.308308308308308410e-02 1.078325615652878794e-02
8.408408408408407642e-02 2.545920546051056929e-03
8.508508508508508261e-02 1.828633073277959303e-03
8.608608608608608881e-02 4.261374025902444317e-03
8.708708708708708113e-02 1.449312120333318740e-03
8.808808808808808732e-02 8.936747925149420707e-03
8.908908908908909352e-02 2.803004338471229775e-03
9.009009009009008584e-02 3.747081108680415992e-03
9.109109109109109204e-02 5.629926703828789028e-03
9.209209209209209823e-02 4.785673168304272265e-03
9.309309309309309055e-02 4.528462757210520440e-03
9.409409409409409675e-02 7.519735305819651335e-03
9.509509509509508907e-02 -2.975006998751727246e-03
9.609609609609609526e-02 -1.402139514661959480e-03
9.709709709709710146e-02 8.669754682470170656e-03
9.809809809809809378e-02 1.374927466718639394e-03
9.909909909909909997e-02 1.436073967131917904e-03
1.001001001001000923e-01 3.402170400240043732e-03
1.011011011011010985e-01 6.182526429728486123e-03
1.021021021021021047e-01 -3.157873933484082844e-03
1.031031031031030970e-01 9.089443737822257285e-03
1.041041041041041032e-01 -5.585668074317772652e-03
1.051051051051051094e-01 6.167789920077756081e-03
1.061061061061061017e-01 2.255644229860203579e-03
1.071071071071071079e-01 8.617308569184219677e-04
1.081081081081081141e-01 1.093231653582452112e-03
1.091091091091091064e-01 1.461240017259141100e-03
1.101101101101101126e-01 9.524149227232220002e-03
1.111111111111111049e-01 3.149177358634861791e-03
1.121121121121121111e-01 -3.516958331588343738e-03
1.131131131131131173e-01 8.549281294656995572e-03
1.141141141141141097e-01 -2.164554189956311488e-03
1.151151151151151159e-01 3.269206034997941372e-03
1.161161161161161082e-01 3.544368228064222019e-03
1.171171171171171144e-01 -1.766346415987265052e-03
1.181181181181181206e-01 -2.416774897364659365e-04
1.191191191191191129e-01 2.485892729754838985e-03
1.201201201201201191e-01 9.991281907034215391e-04
1.211211211211211253e-01 -2.874334448667108764e-04
1.221221221221221176e-01 3.017609335923010852e-03
1.231231231231231238e-01 -1.049929660063009685e-03
1.241241241241241300e-01 4.329898282417010344e-03
1.251251251251251362e-01 -4.122124546967927128e-03
1.261261261261261146e-01 2.779753854598631269e-03
1.271271271271271208e-01 -4.621269959744957016e-03
1.281281281281281270e-01 3.561061364919153836e-03
1.291291291291291332e-01 5.541603627125755169e-04
1.301301301301301394e-01 6.445666176465288198e-04
1.311311311311311179e-01 3.040635444115685065e-03
1.321321321321321240e-01 3.046309473374683068e-04
1.331331331331331302e-01 3.112472850631391522e-03
1.341341341341341364e-01 3.896989153815433055e-03
1.351351351351351426e-01 -7.430088279034092113e-04
1.361361361361361211e-01 4.389108748892335370e-03
1.371371371371371273e-01 6.121942890372778986e-03
1.381381381381381335e-01 2.320863326095464699e-03
1.391391391391391397e-01 -3.490688431157856850e-03
1.401401401401401459e-01 9.711751941514433495e-03
1.411411411411411521e-01 3.385246837054902130e-03
1.421421421421421305e-01 -2.085977753524684362e-04
1.431431431431431367e-01 2.040654803279618422e-03
1.441441441441441429e-01 9.318429069415162455e-03
1.451451451451451491e-01 7.247744212595842381e-03
1.461461461461461553e-01 6.377530118019381772e-03
1.471471471471471337e-01 1.112813750361631333e-02
1.481481481481481399e-01 1.943124612937754221e-03
1.491491491491491461e-01 8.893586744390396745e-03
1.501501501501501523e-01 3.157776620570381266e-03
1.511511511511511585e-01 9.026184700300685093e-03
1.521521521521521647e-01 8.296550969100868755e-03
1.531531531531531432e-01 9.651810612293960576e-03
1.541541541541541493e-01 5.078541722909939160e-03
1.551551551551551555e-01 4.800798175165149097e-03
1.561561561561561617e-01 2.455113182629311500e-03
1.571571571571571679e-01 3.566519808575249924e-03
1.581581581581581464e-01 8.480486649337006660e-03
1.591591591591591526e-01 2.754508442724177327e-03
1.601601601601601588e-01 6.734274817313187778e-03
1.611611611611611650e-01 9.960116776559186508e-03
1.621621621621621712e-01 5.721106026967283549e-03
1.631631631631631496e-01 9.683480804190588639e-03
1.641641641641641558e-01 2.551182053331226083e-03
1.651651651651651620e-01 9.566636765341366561e-03
1.661661661661661682e-01 5.466466248301259448e-03
1.671671671671671744e-01 8.140201296787587248e-03
1.681681681681681528e-01 3.432168566973717305e-03
1.691691691691691590e-01 1.241681896497843877e-02
1.701701701701701652e-01 1.224469438388636061e-02
1.711711711711711714e-01 8.462613792641526106e-03
1.721721721721721776e-01 8.814474002887345838e-03
1.731731731731731838e-01 1.114882360492208506e-02
1.741741741741741623e-01 1.673148334052673020e-02
1.751751751751751685e-01 1.272863008773178137e-02
1.761761761761761746e-01 1.878691171660139270e-02
1.771771771771771808e-01 1.762968668576306644e-02
1.781781781781781870e-01 2.436796315657091191e-02
1.791791791791791655e-01 1.470936643066688213e-02
1.801801801801801717e-01 2.080449629525885080e-02
1.811811811811811779e-01 1.858844517535090599e-02
1.821821821821821841e-01 2.386860630746273290e-02
1.831831831831831903e-01 2.329954526695882794e-02
1.841841841841841965e-01 2.655272348391438456e-02
1.851851851851851749e-01 2.831940074314912709e-02
1.861861861861861811e-01 3.386722204428896377e-02
1.871871871871871873e-01 3.423610864882029037e-02
1.881881881881881935e-01 4.718209299616652613e-02
1.891891891891891997e-01 4.217784110103250245e-02
1.901901901901901781e-01 4.637121909154308386e-02
1.911911911911911843e-01 5.815444366313191754e-02
1.921921921921921905e-01 6.608370121177802037e-02
1.931931931931931967e-01 7.520473289520906990e-02
1.941941941941942029e-01 9.790707365663446626e-02
1.951951951951951814e-01 1.146649740752809787e-01
1.961961961961961876e-01 1.417653110359514967e-01
1.971971971971971938e-01 1.756212674948420538e-01
1.981981981981981999e-01 2.304427760475714904e-01
1.991991991991992061e-01 3.020150015105705354e-01
2.002002002002001846e-01 4.254219250594845625e-01
2.012012012012011908e-01 5.782467678978968628e-01
2.022022022022021970e-01 7.593696536585650136e-01
2.032032032032032032e-01 8.145977446355890939e-01
2.042042042042042094e-01 8.096618656994433172e-01
2.052052052052052156e-01 8.160493664019614624e-01
2.062062062062061940e-01 7.961893090528719963e-01
2.072072072072072002e-01 6.388876474466173017e-01
2.082082082082082064e-01 4.645731665264228316e-01
2.092092092092092126e-01 3.338319236859175754e-01
2.102102102102102188e-01 2.467678056180928614e-01
2.112112112112111972e-01 1.937247602085248877e-01
2.122122122122122034e-01 1.487853103928565290e-01
2.132132132132132096e-01 1.206660576991201161e-01
2.142142142142142158e-01 1.005173767281111463e-01
2.152152152152152220e-01 9.224655317534602439e-02
2.162162162162162282e-01 7.502547573078999221e-02
2.172172172172172067e-01 5.846768612762640038e-02
2.182182182182182129e-01 5.326246981902936495e-02
2.192192192192192191e-01 5.381530613992606404e-02
2.202202202202202252e-01 4.615110673292578680e-02
2.212212212212212314e-01 3.709647890624334643e-02
2.222222222222222099e-01 4.068567232636297049e-02
2.232232232232232161e-01 3.330899362045126877e-02
2.242242242242242223e-01 3.213960118473340594e-02
2.252252252252252285e-01 2.481146797716742014e-02
2.262262262262262347e-01 2.441677335797289711e-02
2.272272272272272131e-01 2.559279300852072836e-02
2.282282282282282193e-01 2.150511645012700285e-02
2.292292292292292255e-01 3.049188272221506693e-02
2.302302302302302317e-01 2.414390656224437229e-02
2.312312312312312379e-01 2.592470669404161807e-02
2.322322322322322163e-01 2.021831622656893035e-02
2.332332332332332225e-01 3.105120691221117252e-02
2.342342342342342287e-01 2.313892346484250698e-02
2.352352352352352349e-01 2.196614577787207520e-02
2.362362362362362411e-01 2.146356774785649138e-02
2.372372372372372473e-01 1.967301962423718617e-02
2.382382382382382258e-01 1.787778062311205785e-02
2.392392392392392320e-01 2.861192047411825409e-02
2.402402402402402382e-01 2.114867318207526437e-02
2.412412412412412444e-01 1.861686212882100733e-02
2.422422422422422505e-01 2.752204800517752195e-02
2.432432432432432290e-01 2.636943586586251720e-02
2.442442442442442352e-01 3.010177237797780764e-02
2.452452452452452414e-01 2.910445872098348791e-02
2.462462462462462476e-01 2.222248744082897312e-02
2.472472472472472538e-01 3.579867964673724007e-02
2.482482482482482600e-01 3.323360912155460395e-02
2.492492492492492384e-01 4.332216270211550202e-02
2.502502502502502724e-01 4.429382165337335253e-02
2.512512512512512508e-01 4.185626369906710748e-02
2.522522522522522292e-01 4.720403829072987445e-02
2.532532532532532632e-01 5.672285563535321012e-02
2.542542542542542416e-01 6.213464191763223149e-02
2.552552552552552756e-01 6.963194764397860614e-02
2.562562562562562540e-01 8.027275391710381180e-02
2.572572572572572325e-01 1.021465086281114071e-01
2.582582582582582664e-01 1.157505680092425909e-01
2.592592592592592449e-01 1.416255119919893612e-01
2.602602602602602788e-01 1.693405203109163981e-01
2.612612612612612573e-01 2.168610567867765015e-01
2.622622622622622357e-01 2.790316501983949871e-01
2.632632632632632697e-01 3.707970071646596866e-01
2.642642642642642481e-01 4.921344523651952629e-01
2.652652652652652820e-01 6.484553551742563426e-01
2.662662662662662605e-01 7.574920066677537367e-01
2.672672672672672389e-01 7.603823775187550371e-01
2.682682682682682729e-01 7.607778861820797545e-01
2.692692692692692513e-01 7.564474936068787958e-01
2.702702702702702853e-01 7.286190203787450415e-01
2.712712712712712637e-01 6.013273049687377636e-01
2.722722722722722422e-01 4.561982655408564624e-01
2.732732732732732761e-01 3.311257418593146484e-01
2.742742742742742545e-01 2.559515954970496554e-01
2.752752752752752885e-01 2.017789595751313114e-01
2.762762762762762669e-01 1.601332253632088698e-01
2.772772772772773009e-01 1.255581162477678869e-01
2.782782782782782793e-01 1.033487702153282062e-01
2.792792792792792578e-01 9.321125568317051302e-02
2.802802802802802917e-01 7.757311228622607024e-02
2.812812812812812702e-01 6.761115145141062543e-02
2.822822822822823041e-01 5.712218432537551072e-02
2.832832832832832826e-01 4.765907918896178375e-02
2.842842842842842610e-01 3.931620327418971356e-02
2.852852852852852950e-01 3.946722865988184364e-02
2.862862862862862734e-01 3.894380255129706314e-02
2.872872872872873073e-01 3.369592278402096241e-02
2.882882882882882858e-01 2.915482625595113009e-02
2.892892892892892642e-01 2.818239464060596708e-02
2.902902902902902982e-01 2.540440467866082047e-02
2.912912912912912766e-01 2.030731999905184895e-02
2.922922922922923106e-01 2.375534389697077364e-02
2.932932932932932890e-01 2.227585891540597232e-02
2.942942942942942675e-01 1.614222245561735408e-02
2.952952952952953014e-01 2.099758528885552547e-02
2.962962962962962798e-01 1.263871440879968736e-02
2.972972972972973138e-01 2.124153754139106176e-02
2.982982982982982922e-01 6.414082921159523429e-03
2.992992992992992707e-01 1.131563934208773374e-02
3.003003003003003046e-01 1.464070048076450067e-02
3.013013013013012831e-01 9.035706372906401190e-03
3.023023023023023170e-01 1.264966246086867904e-02
3.033033033033032955e-01 1.137764839599261606e-02
3.043043043043043294e-01 1.014369807344167249e-02
3.053053053053053079e-01 9.895859606207648221e-03
3.063063063063062863e-01 1.309722067608697429e-02
3.073073073073073203e-01 1.145076466021093670e-02
3.083083083083082987e-01 3.208639761297097086e-03
3.093093093093093326e-01 4.592119441279880884e-04
3.103103103103103111e-01 5.052673086005963349e-03
3.113113113113112895e-01 4.241082675536937338e-03
3.123123123123123235e-01 8.223534854446388001e-03
3.133133133133133019e-01 3.878021708274467013e-03
3.143143143143143359e-01 1.431229806635638717e-03
3.153153153153153143e-01 6.235672550118821419e-03
3.163163163163162928e-01 5.733610802909329396e-03
3.173173173173173267e-01 3.967657437026177701e-03
3.183183183183183051e-01 8.299088964163307824e-03
3.193193193193193391e-01 2.015516993247828785e-03
3.203203203203203175e-01 -4.216026108882961129e-03
3.213213213213212960e-01 1.069377928121630246e-02
3.223223223223223299e-01 2.055977256550294095e-03
3.233233233233233084e-01 -1.538884253263649493e-04
3.243243243243243423e-01 1.119132883328140780e-02
3.253253253253253208e-01 1.261488086231448910e-02
3.263263263263262992e-01 2.379881407099139045e-03
3.273273273273273332e-01 5.361587770852232863e-03
3.283283283283283116e-01 1.659434026360288080e-03
3.293293293293293456e-01 2.180947765191702022e-03
3.303303303303303240e-01 4.836921679092089955e-03
3.313313313313313024e-01 3.769891790392722666e-03
3.323323323323323364e-01 3.086120131233523536e-03
3.333333333333333148e-01 6.412401976812222119e-03
3.343343343343343488e-01 3.984399370929632834e-04
3.353353353353353272e-01 3.147543641937182706e-03
3.363363363363363057e-01 1.847527542890805511e-03
3.373373373373373396e-01 3.495932025847069049e-03
3.383383383383383181e-01 4.279651943007262323e-03
3.393393393393393520e-01 2.893231332984421301e-03
3.403403403403403304e-01 -1.149692907846969810e-03
3.413413413413413644e-01 -2.379028197035880712e-03
3.423423423423423428e-01 1.055481964303209156e-03
3.433433433433433213e-01 -1.904223644807784884e-03
3.443443443443443552e-01 -3.470525622193787289e-04
3.453453453453453337e-01 -8.343770312736176718e-04
3.463463463463463676e-01 4.578938563935305850e-03
3.473473473473473461e-01 6.554841193660341722e-03
3.483483483483483245e-01 9.051647736387983048e-03
3.493493493493493585e-01 2.341011970042117425e-03
3.503503503503503369e-01 5.950420900760543946e-03
3.513513513513513709e-01 -4.100604675284508747e-03
3.523523523523523493e-01 6.327751156678490876e-03
3.533533533533533277e-01 6.205958379857465061e-03
3.543543543543543617e-01 -1.098833924944591419e-03
3.553553553553553401e-01 -5.608100375352725441e-04
3.563563563563563741e-01 5.813847945690024145e-03
3.573573573573573525e-01 5.197681151408251390e-03
3.583583583583583310e-01 4.097366360618059575e-03
3.593593593593593649e-01 -3.732619353626006903e-04
3.603603603603603434e-01 4.210700882847823005e-03
3.613613613613613773e-01 1.510847143110773724e-03
3.623623623623623557e-01 1.222739882487790990e-03
3.633633633633633342e-01 1.540985845683006186e-03
3.643643643643643681e-01 -1.093848213554732404e-03
3.653653653653653466e-01 -6.904076609820083629e-03
3.663663663663663805e-01 2.860640854883765138e-03
3.673673673673673590e-01 6.504803097266899804e-04
3.683683683683683929e-01 8.425205443872866911e-04
3.693693693693693714e-01 6.629076784533868665e-03
3.703703703703703498e-01 1.878671993778745436e-03
3.713713713713713838e-01 -5.189324187650765086e-03
3.723723723723723622e-01 -4.431684400601705641e-04
3.733733733733733962e-01 2.098731328119052275e-03
3.743743743743743746e-01 -2.240315547988883538e-03
3.753753753753753530e-01 -3.297919209538240342e-03
3.763763763763763870e-01 -3.398862611885883431e-03
3.773773773773773654e-01 1.405042079107512434e-03
3.783783783783783994e-01 6.112200482269753571e-03
3.793793793793793778e-01 -2.982208357524157496e-03
3.803803803803803563e-01 -3.507140107069863996e-03
3.813813813813813902e-01 6.988711161035495584e-03
3.823823823823823687e-01 -2.239748569365280790e-04
3.833833833833834026e-01 -2.523233338592064268e-03
3.843843843843843811e-01 3.039109844549892601e-03
3.853853853853853595e-01 1.753369022286283127e-03
3.863863863863863934e-01 2.770228276156164789e-04
3.873873873873873719e-01 -2.131198264057700131e-03
3.883883883883884058e-01 -1.926850151041521872e-03
3.893893893893893843e-01 5.475473612198953656e-03
3.903903903903903627e-01 3.130959791486831369e-03
3.913913913913913967e-01 -1.662586687218984595e-03
3.923923923923923751e-01 -4.151435854659917685e-03
3.933933933933934091e-01 7.962704234562007974e-03
3.943943943943943875e-01 -4.019084433932832399e-03
3.953953953953953659e-01 -3.624094042852043108e-03
3.963963963963963999e-01 -4.506984706582209746e-03
3.973973973973973783e-01 -7.959216606113586265e-03
3.983983983983984123e-01 -6.256931823180962061e-03
3.993993993993993907e-01 1.512987200495083677e-04
4.004004004004003692e-01 -2.895857805062821907e-03
4.014014014014014031e-01 -1.164263298491052204e-03
4.024024024024023816e-01 -1.193810977136201172e-03
4.034034034034034155e-01 -3.638988158188032670e-03
4.044044044044043940e-01 -2.248467245126359402e-03
4.054054054054054279e-01 -2.773324042050121386e-03
4.064064064064064064e-01 -1.004964606680740918e-03
4.074074074074073848e-01 -2.530319856830549495e-04
4.084084084084084187e-01 3.685945520460398670e-03
4.094094094094093972e-01 -6.254976050661354217e-03
4.104104104104104311e-01 -4.395143922460536569e-03
4.114114114114114096e-01 -4.679350739712631081e-03
4.124124124124123880e-01 -6.794364685686318708e-04
4.134134134134134220e-01 1.890081562107257494e-03
4.144144144144144004e-01 2.342587792313547378e-03
4.154154154154154344e-01 2.966188304497056286e-03
4.164164164164164128e-01 -9.743454578590037343e-03
4.174174174174173912e-01 -6.734413657104140055e-03
4.184184184184184252e-01 -2.467239271315186874e-03
4.194194194194194036e-01 -2.928114799965711619e-03
4.204204204204204376e-01 -3.926986162133164031e-03
4.214214214214214160e-01 -4.056386479814798503e-03
4.224224224224223945e-01 -3.356843356636089130e-03
4.234234234234234284e-01 -7.593762010017125579e-03
4.244244244244244069e-01 -4.847566995529337987e-03
4.254254254254254408e-01 -8.760461509856496201e-03
4.264264264264264193e-01 -1.246022130912215892e-02
4.274274274274273977e-01 -8.634221312566008749e-03
4.284284284284284317e-01 -1.298252370478797900e-02
4.294294294294294101e-01 -1.426230161254980061e-02
4.304304304304304440e-01 -1.835467176235570236e-02
4.314314314314314225e-01 -1.636432169167100978e-02
4.324324324324324564e-01 -1.766313622018325299e-02
4.334334334334334349e-01 -2.137644587166884561e-02
4.344344344344344133e-01 -2.606985484285833515e-02
4.354354354354354473e-01 -1.870157782390392820e-02
4.364364364364364257e-01 -2.399879008591377511e-02
4.374374374374374597e-01 -3.082927402014079901e-02
4.384384384384384381e-01 -3.689632342478364746e-02
4.394394394394394165e-01 -4.354207526502586190e-02
4.404404404404404505e-01 -5.257344804065702121e-02
4.414414414414414289e-01 -6.331397137255169449e-02
4.424424424424424629e-01 -8.115108010095244129e-02
4.434434434434434413e-01 -9.810823408650919120e-02
4.444444444444444198e-01 -1.344101533598132669e-01
4.454454454454454537e-01 -1.834436525329737055e-01
4.464464464464464322e-01 -2.619649692319275802e-01
4.474474474474474661e-01 -3.952483808367779350e-01
4.484484484484484446e-01 -5.766946415686138305e-01
4.494494494494494230e-01 -6.384277881304735169e-01
4.504504504504504570e-01 -6.456322924310753386e-01
4.514514514514514354e-01 -6.451969322935486861e-01
4.524524524524524693e-01 -5.387273039431734745e-01
4.534534534534534478e-01 -3.643415059012157231e-01
4.544544544544544262e-01 -2.447884586532778906e-01
4.554554554554554602e-01 -1.670752103705412939e-01
4.564564564564564386e-01 -1.207450868547631506e-01
4.574574574574574726e-01 -9.396149835579448162e-02
4.584584584584584510e-01 -7.371477234841518344e-02
4.594594594594594295e-01 -6.157701183290735514e-02
4.604604604604604634e-01 -4.906039081848326266e-02
4.614614614614614418e-01 -3.986583517747245564e-02
4.624624624624624758e-01 -3.029893614239321034e-02
4.634634634634634542e-01 -2.063222015367856613e-02
4.644644644644644327e-01 -2.285377348341408044e-02
4.654654654654654666e-01 -1.543892344180429477e-02
4.664664664664664451e-01 -2.119453087096979937e-02
4.674674674674674790e-01 -2.126877849516319377e-02
4.684684684684684575e-01 -1.619248636422243245e-02
4.694694694694694914e-01 -1.271830999010635684e-02
4.704704704704704699e-01 -1.378062862617981943e-02
4.714714714714714483e-01 -1.459726988001879174e-02
4.724724724724724823e-01 -1.300246999122778822e-02
4.734734734734734607e-01 5.915068917708726391e-04
4.744744744744744946e-01 -4.866299216064700998e-03
4.754754754754754731e-01 -1.009460951275617871e-02
4.764764764764764515e-01 -8.887824408918183067e-03
4.774774774774774855e-01 -4.287131132337898033e-03
4.784784784784784639e-01 9.198088518394399553e-04
4.794794794794794979e-01 -7.192582789744254466e-04
4.804804804804804763e-01 -3.230950324349160605e-03
4.814814814814814548e-01 3.404896745771309428e-04
4.824824824824824887e-01 3.279602969285616999e-03
4.834834834834834671e-01 -4.512633889134351484e-03
4.844844844844845011e-01 3.077110306615318293e-03
4.854854854854854795e-01 -4.490013319409198907e-03
4.864864864864864580e-01 5.121380100377972457e-03
4.874874874874874919e-01 6.518448854053395317e-03
4.884884884884884704e-01 2.493626411996710274e-03
4.894894894894895043e-01 5.026564605447364845e-03
4.904904904904904828e-01 6.827066239119655190e-03
4.914914914914914612e-01 1.218767751393267686e-02
4.924924924924924952e-01 5.724407225449337951e-03
4.934934934934934736e-01 1.037821327385374075e-02
4.944944944944945076e-01 1.920526661537941965e-02
4.954954954954954860e-01 2.197214048297216685e-02
4.964964964964965199e-01 2.077893460492718364e-02
4.974974974974974984e-01 3.561273611799282285e-02
4.984984984984984768e-01 4.299981852859241505e-02
4.994994994994995108e-01 5.237776985663828572e-02
5.005005005005005447e-01 7.509272922651229198e-02
5.015015015015015232e-01 1.009159397042136003e-01
5.025025025025025016e-01 1.540841572440014573e-01
5.035035035035034801e-01 2.404671524345459166e-01
5.045045045045044585e-01 4.018760919264188769e-01
5.055055055055055480e-01 6.818102753237308411e-01
5.065065065065065264e-01 7.726870364602825836e-01
5.075075075075075048e-01 7.756968291410398786e-01
5.085085085085084833e-01 6.522965544884059552e-01
5.095095095095094617e-01 3.827501406684191698e-01
5.105105105105105512e-01 2.281087467586631334e-01
5.115115115115115296e-01 1.417300489558601662e-01
5.125125125125125081e-01 9.881486148828173832e-02
5.135135135135134865e-01 6.613929353096938135e-02
5.145145145145144649e-01 4.704061069577430976e-02
5.155155155155155544e-01 3.917594250434063702e-02
5.165165165165165329e-01 2.690035906076472527e-02
5.175175175175175113e-01 1.807856124856504695e-02
5.185185185185184897e-01 1.577900772464603529e-02
5.195195195195194682e-01 1.522218093724308531e-02
5.205205205205205576e-01 -4.522522143737823901e-03
5.215215215215215361e-01 -6.495694418088874926e-03
5.225225225225225145e-01 2.091269520170155414e-03
5.235235235235234930e-01 6.204623920631186342e-04
5.245245245245244714e-01 -6.142151401204968761e-03
5.255255255255255609e-01 -6.266923083457194912e-03
5.265265265265265393e-01 -1.304632990266640230e-02
5.275275275275275177e-01 -1.709263369867053406e-02
5.285285285285284962e-01 -1.464782376696371728e-02
5.295295295295294746e-01 -1.624382393559452992e-02
5.305305305305305641e-01 -1.768569643622275311e-02
5.315315315315315425e-01 -2.727254407357166538e-02
5.325325325325325210e-01 -2.992726080202641470e-02
5.335335335335334994e-01 -3.464479716264573517e-02
5.345345345345344779e-01 -3.375763723485288720e-02
5.355355355355355673e-01 -4.515910986051065168e-02
5.365365365365365458e-01 -4.905063203838871955e-02
5.375375375375375242e-01 -5.664676364717505241e-02
5.385385385385385026e-01 -6.148405119209268688e-02
5.395395395395394811e-01 -7.886063367902092225e-02
5.405405405405405705e-01 -8.841063477462331177e-02
5.415415415415415490e-01 -1.090609310643412128e-01
5.425425425425425274e-01 -1.235699144920147236e-01
5.435435435435435059e-01 -1.581394944319497731e-01
5.445445445445444843e-01 -1.958953357846731635e-01
5.455455455455455738e-01 -2.505505932673613434e-01
5.465465465465465522e-01 -3.199695296018303936e-01
5.475475475475475307e-01 -4.312787812024085898e-01
5.485485485485485091e-01 -5.825921337733975802e-01
5.495495495495495986e-01 -7.569299359574237496e-01
5.505505505505505770e-01 -8.729762920046927333e-01
5.515515515515515554e-01 -8.794714149720229690e-01
5.525525525525525339e-01 -8.725795141043676262e-01
5.535535535535535123e-01 -8.735886208941358033e-01
5.545545545545546018e-01 -8.267774362007797029e-01
5.555555555555555802e-01 -6.644949615844056856e-01
5.565565565565565587e-01 -4.979548442848596990e-01
5.575575575575575371e-01 -3.676722352816829686e-01
5.585585585585585155e-01 -2.895438235388517190e-01
5.595595595595596050e-01 -2.081816410008349993e-01
5.605605605605605835e-01 -1.743338531040792561e-01
5.615615615615615619e-01 -1.400549177861791506e-01
5.625625625625625403e-01 -1.187855146537496187e-01
5.635635635635635188e-01 -9.693780262893721134e-02
5.645645645645646082e-01 -8.379331458101693664e-02
5.655655655655655867e-01 -6.830108082916978851e-02
5.665665665665665651e-01 -6.184850737210761257e-02
5.675675675675675436e-01 -5.570028839446563435e-02
5.685685685685685220e-01 -4.307214226808803864e-02
5.695695695695696115e-01 -4.974229336291995790e-02
5.705705705705705899e-01 -3.907245650289806888e-02
5.715715715715715683e-01 -3.601664463452332321e-02
5.725725725725725468e-01 -2.569916987930912292e-02
5.735735735735735252e-01 -2.823563522848412596e-02
5.745745745745746147e-01 -2.535152617233158226e-02
5.755755755755755931e-01 -3.654923285446365355e-02
5.765765765765765716e-01 -2.146539712031212202e-02
5.775775775775775500e-01 -1.305502568013180813e-02
5.785785785785785285e-01 -2.189801383391183284e-02
5.795795795795796179e-01 -1.935438665172509176e-02
5.805805805805805964e-01 -1.663838099224003095e-02
5.815815815815815748e-01 -1.758507161907655464e-02
5.825825825825825532e-01 -1.316890355961530291e-02
5.835835835835835317e-01 -1.247232037288219762e-02
5.845845845845846211e-01 -1.700828211319019984e-02
5.855855855855855996e-01 -1.498004490222995186e-02
5.865865865865865780e-01 -9.579871421879788268e-03
5.875875875875875565e-01 -1.201840310152598248e-02
5.885885885885885349e-01 -6.311214694745883973e-03
5.895895895895896244e-01 -1.652326018991143522e-02
5.905905905905906028e-01 -9.298089164545079652e-03
5.915915915915915813e-01 -6.853051618577584748e-03
5.925925925925925597e-01 -9.025920070162708753e-03
5.935935935935935381e-01 -7.256019090046701703e-03
5.945945945945946276e-01 -1.499880289443153956e-02
5.955955955955956060e-01 -4.865816733308815927e-04
5.965965965965965845e-01 -7.180475538117877914e-03
5.975975975975975629e-01 1.522024685122124691e-03
5.985985985985985414e-01 2.528554645049098035e-03
5.995995995995996308e-01 -4.333545144543485099e-03
6.006006006006006093e-01 -8.931237618686594867e-03
6.016016016016015877e-01 5.253536719814599475e-04
6.026026026026025662e-01 2.840420359495184240e-03
6.036036036036035446e-01 -1.581090341209325390e-03
6.046046046046046341e-01 -6.545451107744223139e-03
6.056056056056056125e-01 -3.450354442331677891e-03
6.066066066066065909e-01 -1.113946228778158604e-02
6.076076076076075694e-01 -1.330336827739670097e-03
6.086086086086086588e-01 -8.399997913595115551e-03
6.096096096096096373e-01 -4.653807249204573032e-03
6.106106106106106157e-01 -4.518031720625831187e-03
6.116116116116115942e-01 -9.318328681998350009e-04
6.126126126126125726e-01 -6.352407963531397049e-03
6.136136136136136621e-01 -2.229380628192110299e-03
6.146146146146146405e-01 4.049650912704800751e-03
6.156156156156156189e-01 -5.716702705849391461e-04
6.166166166166165974e-01 -1.724590521881176966e-03
6.176176176176175758e-01 2.240499489371019365e-03
6.186186186186186653e-01 4.033150582332195805e-04
6.196196196196196437e-01 2.125458517216746528e-04
6.206206206206206222e-01 2.597629782132606247e-03
6.216216216216216006e-01 5.150542470138686803e-03
6.226226226226225791e-01 -5.152581664123096622e-03
6.236236236236236685e-01 8.351450387815827908e-03
6.246246246246246470e-01 -6.128627487567357354e-03
6.256256256256256254e-01 -1.209040306021054835e-03
6.266266266266266038e-01 -2.164259465864694885e-03
6.276276276276275823e-01 4.531059667615212720e-03
6.286286286286286717e-01 7.512292009876833784e-04
6.296296296296296502e-01 1.935001061925684628e-03
6.306306306306306286e-01 -3.711484252250357458e-03
6.316316316316316071e-01 4.669130670344243290e-03
6.326326326326325855e-01 -8.586472900510769410e-04
6.336336336336336750e-01 5.850682769919702923e-03
6.346346346346346534e-01 8.299195093715301674e-03
6.356356356356356319e-01 9.364056549791820519e-03
6.366366366366366103e-01 6.522927975575599883e-03
6.376376376376375887e-01 -2.286819498505555676e-03
6.386386386386386782e-01 8.441673004085567186e-03
6.396396396396396566e-01 4.228137921800281807e-03
6.406406406406406351e-01 1.208668959394143018e-02
6.416416416416416135e-01 4.061764292598921480e-03
6.426426426426425920e-01 1.264882427874641953e-02
6.436436436436436814e-01 5.152458510031004794e-03
6.446446446446446599e-01 1.115235206610093628e-02
6.456456456456456383e-01 8.907524471980803396e-03
6.466466466466466168e-01 1.432078557929671210e-02
6.476476476476475952e-01 1.658573725565007720e-02
6.486486486486486847e-01 1.506915633904931488e-02
6.496496496496496631e-01 1.479301970133915269e-02
6.506506506506506415e-01 1.750642584845253300e-02
6.516516516516516200e-01 2.771076517130295971e-02
6.526526526526525984e-01 2.833302444015310673e-02
6.536536536536536879e-01 2.913981589975805919e-02
6.546546546546546663e-01 3.850072962795108439e-02
6.556556556556556448e-01 4.338571423602625293e-02
6.566566566566566232e-01 5.051705946589747642e-02
6.576576576576576016e-01 6.662379566565017341e-02
6.586586586586586911e-01 8.681623416685248229e-02
6.596596596596596696e-01 1.101298919400151149e-01
6.606606606606606480e-01 1.440833305173855328e-01
6.616616616616616264e-01 1.972774439195779661e-01
6.626626626626626049e-01 3.112171087794754487e-01
6.636636636636636943e-01 4.528075517374948733e-01
6.646646646646646728e-01 5.872307078992501372e-01
6.656656656656656512e-01 6.057876264322985538e-01
6.666666666666666297e-01 6.022305171485454744e-01
6.676676676676676081e-01 5.733380178520542936e-01
6.686686686686686976e-01 4.139297127365484386e-01
6.696696696696696760e-01 2.746862255340417058e-01
6.706706706706706544e-01 1.859086940400608290e-01
6.716716716716716329e-01 1.380853233371834021e-01
6.726726726726726113e-01 9.740290476061165548e-02
6.736736736736737008e-01 8.048335163102950107e-02
6.746746746746746792e-01 5.283871337056117445e-02
6.756756756756756577e-01 5.454864536671948788e-02
6.766766766766766361e-01 3.754139558355393258e-02
6.776776776776777256e-01 3.252993777377785611e-02
6.786786786786787040e-01 2.876440330721501820e-02
6.796796796796796825e-01 2.664210260342364522e-02
6.806806806806806609e-01 2.531644690246494592e-02
6.816816816816816393e-01 1.688938976178204487e-02
6.826826826826827288e-01 1.802774680564349710e-02
6.836836836836837072e-01 2.269015675210353869e-02
6.846846846846846857e-01 1.403558408766878741e-02
6.856856856856856641e-01 1.389446861510403725e-02
6.866866866866866426e-01 1.061040338163678556e-02
6.876876876876877320e-01 6.991567180198236288e-03
6.886886886886887105e-01 1.032697393961719973e-02
6.896896896896896889e-01 1.491000683557230401e-02
6.906906906906906674e-01 2.943800528086982018e-03
6.916916916916916458e-01 1.087420743628894799e-02
6.926926926926927353e-01 1.175343760285206193e-02
6.936936936936937137e-01 1.129875504596834952e-02
6.946946946946946921e-01 6.564390832140182958e-03
6.956956956956956706e-01 6.619255551239567985e-03
6.966966966966966490e-01 7.257477922922410396e-03
6.976976976976977385e-01 5.638793956594671981e-03
6.986986986986987169e-01 4.595284629566849868e-03
6.996996996996996954e-01 1.262601218920484953e-03
7.007007007007006738e-01 7.851982753028001472e-03
7.017017017017016522e-01 6.676492175246452783e-03
7.027027027027027417e-01 3.515108223032617843e-03
7.037037037037037202e-01 2.117857062376343573e-03
7.047047047047046986e-01 2.478144485523584278e-03
7.057057057057056770e-01 8.762578214064489042e-04
7.067067067067066555e-01 -1.984909195083507921e-03
7.077077077077077449e-01 3.882194386215159082e-03
7.087087087087087234e-01 1.000983969497035685e-02
7.097097097097097018e-01 1.781677738776356670e-03
7.107107107107106803e-01 3.833698437197697283e-03
7.117117117117116587e-01 -3.700632281941255205e-03
7.127127127127127482e-01 4.685629587137815112e-03
7.137137137137137266e-01 2.505784814485220637e-03
7.147147147147147050e-01 -2.494534820975280887e-03
7.157157157157156835e-01 -3.046919516597387627e-03
7.167167167167166619e-01 5.436399066123752920e-03
7.177177177177177514e-01 6.132283714410175640e-03
7.187187187187187298e-01 8.227663890501696331e-03
7.197197197197197083e-01 5.805579155182523897e-03
7.207207207207206867e-01 -5.900631408973602311e-04
7.217217217217216652e-01 5.235369042121520815e-03
7.227227227227227546e-01 -7.366462457565499649e-04
7.237237237237237331e-01 1.368109533492231807e-02
7.247247247247247115e-01 1.429556087108557576e-03
7.257257257257256899e-01 -1.173677832925192717e-03
7.267267267267266684e-01 7.242400455028532398e-04
7.277277277277277578e-01 2.400849125091052139e-03
7.287287287287287363e-01 3.833426033563120186e-03
7.297297297297297147e-01 3.052491861346435641e-06
7.307307307307306932e-01 2.133366887671987386e-03
7.317317317317316716e-01 7.075359027248022230e-03
7.327327327327327611e-01 3.751049294943339073e-03
7.337337337337337395e-01 5.301268265136533861e-03
7.347347347347347180e-01 7.325331298407182674e-03
7.357357357357356964e-01 3.105768722103858983e-03
7.367367367367367859e-01 2.479658078209307122e-03
7.377377377377377643e-01 2.902641267810525567e-03
7.387387387387387427e-01 -5.023751042102970327e-03
7.397397397397397212e-01 4.412760861977620304e-03
7.407407407407406996e-01 1.145871382701162122e-02
7.417417417417417891e-01 8.247524506714480272e-03
7.427427427427427675e-01 7.610008185027968344e-03
7.437437437437437460e-01 1.279979659384038182e-02
7.447447447447447244e-01 9.671677504172662004e-03
7.457457457457457028e-01 1.044115066588590171e-02
7.467467467467467923e-01 1.224654523437456724e-04
7.477477477477477708e-01 7.091959218951218377e-03
7.487487487487487492e-01 1.472970234846934616e-02
7.497497497497497276e-01 9.731285026849579092e-03
7.507507507507507061e-01 1.537768682813420336e-02
7.517517517517517955e-01 1.121758574110473354e-02
7.527527527527527740e-01 1.352877610173887184e-02
7.537537537537537524e-01 1.585768372021556169e-02
7.547547547547547309e-01 1.277185898872747541e-02
7.557557557557557093e-01 8.944689830634063726e-03
7.567567567567567988e-01 9.642385460352375856e-03
7.577577577577577772e-01 1.729492815582203691e-02
7.587587587587587556e-01 1.485178286706103842e-02
7.597597597597597341e-01 1.807859428351893394e-02
7.607607607607607125e-01 1.864944775179693676e-02
7.617617617617618020e-01 2.435667476986484725e-02
7.627627627627627804e-01 1.988359100658611267e-02
7.637637637637637589e-01 2.899475774337958306e-02
7.647647647647647373e-01 3.011618380956940927e-02
7.657657657657657158e-01 3.615803927178760230e-02
7.667667667667668052e-01 3.289370707503505575e-02
7.677677677677677837e-01 3.651193235941808946e-02
7.687687687687687621e-01 5.032488755030946337e-02
7.697697697697697405e-01 5.076265829290719372e-02
7.707707707707707190e-01 5.366852080773427958e-02
7.717717717717718084e-01 6.263264969139459293e-02
7.727727727727727869e-01 7.310559537808697383e-02
7.737737737737737653e-01 9.351235831354728911e-02
7.747747747747747438e-01 1.053915216661708149e-01
7.757757757757757222e-01 1.345989283282767179e-01
7.767767767767768117e-01 1.667359336860205765e-01
7.777777777777777901e-01 2.071942734118563112e-01
7.787787787787787686e-01 2.850207782038348125e-01
7.797797797797797470e-01 3.879029094235111885e-01
7.807807807807807254e-01 5.373295077409434573e-01
7.817817817817818149e-01 7.386762237734441072e-01
7.827827827827827933e-01 8.708560892420988964e-01
7.837837837837837718e-01 8.776129392099256687e-01
7.847847847847847502e-01 8.870835751564687399e-01
7.857857857857857287e-01 8.754266329398376900e-01
7.867867867867868181e-01 7.668733167197337997e-01
7.877877877877877966e-01 5.582055836497751278e-01
7.887887887887887750e-01 4.108577639898955414e-01
7.897897897897897534e-01 3.001327650355840038e-01
7.907907907907907319e-01 2.204583190417104266e-01
7.917917917917918214e-01 1.754258833182734678e-01
7.927927927927927998e-01 1.411287948987627050e-01
7.937937937937937782e-01 1.167130502130628578e-01
7.947947947947947567e-01 1.018041668325226773e-01
7.957957957957957351e-01 7.970327835535132022e-02
7.967967967967968246e-01 6.672006808788158438e-02
7.977977977977978030e-01 5.303421707586951361e-02
7.987987987987987815e-01 5.664644275671103235e-02
7.997997997997997599e-01 4.772735487947955130e-02
8.008008008008007383e-01 4.057248570933968956e-02
8.018018018018018278e-01 3.509351437637973914e-02
8.028028028028028062e-01 3.362704370932268622e-02
8.038038038038037847e-01 3.050159531361311405e-02
8.048048048048047631e-01 2.961650012845319646e-02
8.058058058058058526e-01 2.226702776157016631e-02
8.068068068068068310e-01 2.995045599678359052e-02
8.078078078078078095e-01 1.406987105403826634e-02
8.088088088088087879e-01 2.313308356140810623e-02
8.098098098098097664e-01 1.770940504524546807e-02
8.108108108108108558e-01 1.648073827942085623e-02
8.118118118118118343e-01 1.420476707363583883e-02
8.128128128128128127e-01 2.101000180923354513e-02
8.138138138138137911e-01 1.428885480500667084e-02
8.148148148148147696e-01 1.361318978038294179e-02
8.158158158158158590e-01 1.774714476644287733e-02
8.168168168168168375e-01 1.071249573683884411e-02
8.178178178178178159e-01 1.924520954324697095e-02
8.188188188188187944e-01 1.107256013827202616e-02
8.198198198198197728e-01 1.050886447844713231e-02
8.208208208208208623e-01 1.460359645192677025e-02
8.218218218218218407e-01 2.058869361078739801e-02
8.228228228228228192e-01 1.215330884092895650e-02
8.238238238238237976e-01 1.429599163511285562e-02
8.248248248248247760e-01 1.627325286306606847e-02
8.258258258258258655e-01 1.010495228003154000e-02
8.268268268268268439e-01 7.842606690576228376e-03
8.278278278278278224e-01 1.408823673231681534e-02
8.288288288288288008e-01 1.693519714638395610e-02
8.298298298298297793e-01 1.570609250408024418e-02
8.308308308308308687e-01 1.987697042321127233e-02
8.318318318318318472e-01 1.868605741108744778e-02
8.328328328328328256e-01 2.022287296357847333e-02
8.338338338338338041e-01 1.886320077262722966e-02
8.348348348348347825e-01 2.912662110111204419e-02
8.358358358358358720e-01 2.960600726546618044e-02
8.368368368368368504e-01 2.698988301834424203e-02
8.378378378378378288e-01 2.182594180745786247e-02
8.388388388388388073e-01 2.707470423884449084e-02
8.398398398398397857e-01 3.712134850376803963e-02
8.408408408408408752e-01 3.582274162746165030e-02
8.418418418418418536e-01 4.281705140574411372e-02
8.428428428428428321e-01 5.635124399998470840e-02
8.438438438438438105e-01 5.651862477239152222e-02
8.448448448448447889e-01 6.717029326552248492e-02
8.458458458458458784e-01 8.885353661096534461e-02
8.468468468468468568e-01 1.170592492263717727e-01
8.478478478478478353e-01 1.794206434283716622e-01
8.488488488488488137e-01 2.571770006001213305e-01
8.498498498498497922e-01 3.905482151014762482e-01
8.508508508508508816e-01 6.030299886449465019e-01
8.518518518518518601e-01 6.757424942452667782e-01
8.528528528528528385e-01 6.769661850266112113e-01
8.538538538538538170e-01 6.526897472545998280e-01
8.548548548548547954e-01 4.557513044629978860e-01
8.558558558558558849e-01 2.864947622838709962e-01
8.568568568568568633e-01 1.940239905967490186e-01
8.578578578578578417e-01 1.406950081454132195e-01
8.588588588588588202e-01 1.078556379249069053e-01
8.598598598598597986e-01 8.378548999214979753e-02
8.608608608608608881e-01 7.226023731724144639e-02
8.618618618618618665e-01 7.332964182469803305e-02
8.628628628628628450e-01 5.312247254876435038e-02
8.638638638638638234e-01 5.110094406667752692e-02
8.648648648648649129e-01 5.266966270558954416e-02
8.658658658658658913e-01 4.767896882323824359e-02
8.668668668668668698e-01 5.417143520810184520e-02
8.678678678678678482e-01 4.453708132060699154e-02
8.688688688688688266e-01 5.183952592056180475e-02
8.698698698698699161e-01 5.762350820948232422e-02
8.708708708708708945e-01 6.040199523846472018e-02
8.718718718718718730e-01 6.670914152705759159e-02
8.728728728728728514e-01 8.172034080752213492e-02
8.738738738738738299e-01 9.444950777149692389e-02
8.748748748748749193e-01 1.173860331983018895e-01
8.758758758758758978e-01 1.413887929413570332e-01
8.768768768768768762e-01 1.807486832732098092e-01
8.778778778778778547e-01 2.503838136064456266e-01
8.788788788788788331e-01 3.479065406860829546e-01
8.798798798798799226e-01 4.908658713942215535e-01
8.808808808808809010e-01 6.478263996973865346e-01
8.818818818818818794e-01 6.754006004992417767e-01
8.828828828828828579e-01 6.672762791634992974e-01
8.838838838838838363e-01 6.699213492956186400e-01
8.848848848848849258e-01 5.989821424489051305e-01
8.858858858858859042e-01 4.434220572295045626e-01
8.868868868868868827e-01 3.148537179249281115e-01
8.878878878878878611e-01 2.168699099599571967e-01
8.888888888888888395e-01 1.659513359532668875e-01
8.898898898898899290e-01 1.306966179524738370e-01
8.908908908908909074e-01 1.055807591440289794e-01
8.918918918918918859e-01 8.442973085311250570e-02
8.928928928928928643e-01 6.892884777207554381e-02
8.938938938938938428e-01 5.452230832907983826e-02
8.948948948948949322e-01 4.602770129268038413e-02
8.958958958958959107e-01 4.394697608655618454e-02
8.968968968968968891e-01 3.405928635786713288e-02
8.978978978978978676e-01 3.699741448447942116e-02
8.988988988988988460e-01 2.971326282977900662e-02
8.998998998998999355e-01 2.824626498616489290e-02
9.009009009009009139e-01 2.315260674728309223e-02
9.019019019019018923e-01 1.967956548991389026e-02
9.029029029029028708e-01 2.085746174886694143e-02
9.039039039039038492e-01 1.693688804969008602e-02
9.049049049049049387e-01 6.040197051093485966e-03
9.059059059059059171e-01 1.188089593343814691e-02
9.069069069069068956e-01 3.938109918989870714e-03
9.079079079079078740e-01 8.576329144279803973e-03
9.089089089089088525e-01 7.242080008572111469e-03
9.099099099099099419e-01 1.386372052882270042e-02
9.109109109109109204e-01 1.144024181732760000e-02
9.119119119119118988e-01 1.050588066115766550e-02
9.129129129129128772e-01 8.944140967446653767e-03
9.139139139139138557e-01 4.604931744542370940e-03
9.149149149149149451e-01 7.039916232678059341e-03
9.159159159159159236e-01 3.184846063146400726e-03
9.169169169169169020e-01 5.677176714272189929e-03
9.179179179179178805e-01 9.531432766651134342e-03
9.189189189189188589e-01 1.308898580245099023e-02
9.199199199199199484e-01 1.489174386620577446e-02
9.209209209209209268e-01 1.258775905569590146e-02
9.219219219219219053e-01 5.854575600289899269e-03
9.229229229229228837e-01 7.455605445937873131e-03
9.239239239239238621e-01 2.473878938595337838e-03
9.249249249249249516e-01 3.168010382283816331e-03
9.259259259259259300e-01 4.697353429181888411e-03
9.269269269269269085e-01 -5.623119112537627862e-05
9.279279279279278869e-01 1.370213683944031518e-03
9.289289289289288654e-01 8.481182366896944554e-04
9.299299299299299548e-01 5.193890490353154400e-03
9.309309309309309333e-01 5.344842228093243768e-03
9.319319319319319117e-01 8.460705004015245390e-03
9.329329329329328901e-01 4.223896598782653222e-03
9.339339339339339796e-01 2.465690093010721069e-03
9.349349349349349581e-01 6.631787087220678695e-03
9.359359359359359365e-01 4.237906887981542949e-03
9.369369369369369149e-01 5.176686359953610109e-03
9.379379379379378934e-01 1.438894122580661357e-03
9.389389389389389828e-01 -3.715524111224879997e-03
9.399399399399399613e-01 -5.796629043393567576e-04
9.409409409409409397e-01 4.194982579489898653e-03
9.419419419419419182e-01 6.084975287290579626e-03
9.429429429429428966e-01 -7.694411447125431257e-03
9.439439439439439861e-01 3.858463465513626255e-03
9.449449449449449645e-01 4.343266045228412302e-03
9.459459459459459429e-01 3.608736247243300027e-03
9.469469469469469214e-01 8.389228083075486904e-04
9.479479479479478998e-01 -2.268830723554753331e-03
9.489489489489489893e-01 -8.600183450004701864e-05
9.499499499499499677e-01 2.874907613971207539e-04
9.509509509509509462e-01 6.379051166429671425e-03
9.519519519519519246e-01 4.955549086590558573e-03
9.529529529529529031e-01 5.787769701569453473e-03
9.539539539539539925e-01 -7.439003481277586382e-04
9.549549549549549710e-01 2.568783360371819022e-04
9.559559559559559494e-01 -6.892467918007834891e-04
9.569569569569569278e-01 5.448569076416254729e-03
9.579579579579579063e-01 1.111944749986371744e-03
9.589589589589589957e-01 9.034308453341939951e-03
9.599599599599599742e-01 1.087750517246981099e-03
9.609609609609609526e-01 -3.719380282012557833e-03
9.619619619619619311e-01 5.079552276064831784e-03
9.629629629629629095e-01 6.731699032072237070e-03
9.639639639639639990e-01 1.053293097236398905e-04
9.649649649649649774e-01 4.626142330101980227e-03
9.659659659659659559e-01 -3.253081843141501610e-03
9.669669669669669343e-01 6.068411992492105111e-03
9.679679679679679127e-01 5.673222788066666078e-03
9.689689689689690022e-01 -5.987585166278980298e-05
9.699699699699699806e-01 1.092665296105640050e-03
9.709709709709709591e-01 9.514393935114946743e-03
9.719719719719719375e-01 3.395765734798942420e-03
9.729729729729729160e-01 5.398743879887146768e-03
9.739739739739740054e-01 2.641012333811268431e-03
9.749749749749749839e-01 4.599551272565364710e-03
9.759759759759759623e-01 -1.714093823449590066e-03
9.769769769769769407e-01 4.758414393762120005e-03
9.779779779779779192e-01 -6.137527938374525479e-04
9.789789789789790087e-01 3.301638167390446958e-03
9.799799799799799871e-01 -1.568084469473887254e-03
9.809809809809809655e-01 3.729204559563686038e-03
9.819819819819819440e-01 5.204079858170313801e-03
9.829829829829829224e-01 -1.301119911879513626e-03
9.839839839839840119e-01 3.114524741900957794e-03
9.849849849849849903e-01 -9.981741305069061730e-04
9.859859859859859688e-01 4.465970124974013439e-03
9.869869869869869472e-01 -2.150989877896721317e-03
9.879879879879879256e-01 8.829025407536396450e-04
9.889889889889890151e-01 2.734159228596082063e-03
9.899899899899899935e-01 -7.617921678288266420e-05
9.909909909909909720e-01 4.382700377909160352e-03
9.919919919919919504e-01 -4.951172258628658415e-04
9.929929929929930399e-01 5.135926358192853709e-03
9.939939939939940183e-01 6.022901071977247722e-03
9.949949949949949968e-01 -1.317640851215223438e-03
9.959959959959959752e-01 -3.916356383370986610e-04
9.969969969969969537e-01 7.002418518964895200e-03
9.979979979979980431e-01 1.428802234705396678e-03
9.989989989989990216e-01 -8.023279616619366375e-04
1.000000000000000000e+00 -2.788074953164790780e-04
